time best mean
29 797.329 156.836
44 797.329 164.650
58 797.329 173.506
71 797.329 192.613
83 797.329 225.674
95 797.329 246.641
106 797.329 278.360
117 797.329 290.386
127 797.329 302.720
137 811.317 318.795
146 811.317 335.626
156 811.317 352.140
165 811.317 353.116
174 811.317 346.850
183 811.317 348.033
191 811.317 354.089
201 811.317 350.012
209 831.179 347.959
219 831.179 359.295
227 831.179 370.357
236 831.179 356.363
245 831.179 365.836
254 831.179 359.657
263 831.179 354.794
272 831.179 362.959
280 831.179 363.976
289 831.179 366.379
298 831.179 358.881
307 831.179 370.105
315 831.179 370.107
324 831.179 373.592
332 831.179 375.364
342 831.179 365.679
351 831.179 359.858
360 831.179 360.903
369 831.179 371.699
378 831.179 359.575
386 831.179 368.061
395 831.179 365.667
404 831.179 354.203
412 831.179 363.582
421 831.179 365.119
430 831.179 356.616
439 831.179 352.692
448 831.179 361.550
457 831.179 366.106
465 831.179 369.743
474 831.179 363.919
483 831.179 352.966
492 831.179 347.679
501 831.179 358.911
511 831.179 362.625
519 831.179 368.187
530 831.179 357.887
538 831.179 369.204
547 831.179 370.396
556 831.179 356.764
564 831.179 369.865
573 831.179 370.576
581 831.179 371.960
590 831.179 362.350
598 831.179 368.561
607 831.179 359.338
616 831.179 355.557
625 831.179 356.082
634 831.179 358.740
644 831.179 365.147
653 831.179 365.875
663 831.179 361.945
677 831.179 365.468
686 831.179 360.524
695 831.179 361.331
703 831.179 362.634
712 852.996 360.311
722 852.996 359.216
730 852.996 366.875
739 852.996 371.189
747 852.996 369.481
756 852.996 364.735
765 852.996 360.265
774 852.996 361.018
783 852.996 356.575
792 852.996 362.039
801 852.996 356.598
810 852.996 362.803
818 852.996 358.963
827 852.996 363.927
836 852.996 364.161
845 852.996 362.865
854 852.996 366.664
862 852.996 371.664
871 852.996 365.471
880 852.996 362.179
890 852.996 348.370
899 852.996 355.464
907 852.996 360.389
916 852.996 367.149
925 852.996 362.628
934 852.996 360.302
943 852.996 356.978
952 852.996 358.860
961 852.996 357.720
970 852.996 358.435
979 852.996 365.013
987 852.996 363.862
996 852.996 367.782
1005 852.996 368.271
1013 852.996 370.745
1024 852.996 369.431
1032 852.996 377.897
1041 852.996 357.671
1051 852.996 364.748
1060 852.996 362.037
1070 852.996 357.200
1081 852.996 353.561
1090 852.996 365.073
1102 852.996 360.551
1112 852.996 359.790
1121 852.996 353.560
1131 852.996 364.282
1143 852.996 367.984
1153 852.996 368.700
1163 852.996 352.148
1172 852.996 366.391
1184 852.996 367.492
1195 852.996 361.933
1205 852.996 352.218
1219 852.996 344.352
1234 852.996 359.407
1249 852.996 362.800
1263 852.996 357.277
1279 852.996 353.711
1291 852.996 356.302
1307 852.996 359.899
1318 852.996 361.660
1330 852.996 359.017
1341 852.996 362.600
1351 852.996 364.664
1362 852.996 357.791
1375 852.996 365.404
1384 852.996 354.445
1397 852.996 367.199
1409 852.996 371.656
1419 852.996 368.950
1428 852.996 363.213
1437 852.996 354.984
1447 852.996 347.721
1456 852.996 363.151
1465 852.996 365.505
1473 852.996 367.513
1482 852.996 354.154
1491 852.996 358.040
1500 852.996 360.967
1509 852.996 354.849
1518 852.996 358.032
1527 852.996 358.944
1536 852.996 370.958
1547 852.996 355.679
1557 852.996 360.128
1566 852.996 363.264
1574 852.996 359.065
1583 852.996 360.731
1592 852.996 351.057
1601 852.996 356.077
1610 852.996 361.874
1619 852.996 361.628
1627 911.107 364.495
1636 911.107 364.917
1645 911.107 366.575
1654 911.107 358.753
1663 911.107 362.261
1672 911.107 359.926
1681 911.107 357.935
1691 911.107 361.595
1700 911.107 352.310
1709 911.107 362.776
1720 911.107 364.453
1731 911.107 350.695
1740 911.107 357.013
1749 911.107 353.722
1758 911.107 355.576
1767 911.107 365.125
1776 911.107 369.703
1785 911.107 368.731
1793 911.107 357.722
1802 911.107 364.221
1810 911.107 366.988
1819 911.107 365.741
1828 911.107 362.425
1836 911.107 366.635
1845 911.107 354.261
1854 911.107 360.311
1863 911.107 358.887
1872 911.107 355.612
1881 911.107 359.919
1893 911.107 357.073
1904 911.107 359.298
1913 911.107 364.142
1922 911.107 352.685
1931 911.107 354.369
1942 911.107 365.013
1951 911.107 366.327
1959 911.107 367.645
1968 911.107 366.658
1977 911.107 356.377
1986 911.107 354.378
1995 911.107 361.284
2004 911.107 364.987
2012 911.107 369.935
2021 911.107 355.985
2033 911.107 355.388
2042 911.107 361.302
2051 911.107 359.294
2059 911.107 360.266
2068 911.107 363.203
2077 911.107 360.071
2086 911.107 362.862
2095 911.107 364.634
2103 911.107 365.151
2113 911.107 366.331
2121 911.107 365.848
2130 911.107 366.697
2139 911.107 361.450
2148 911.107 361.886
2158 911.107 356.218
2168 911.107 362.141
2177 911.107 351.402
2190 911.107 360.722
2200 911.107 362.622
2210 911.107 357.070
2219 911.107 359.235
2228 911.107 362.434
2237 911.107 358.343
2246 911.107 359.251
2255 911.107 361.168
2264 911.107 360.341
2273 911.107 353.752
2282 911.107 363.103
2291 911.107 369.315
2299 911.107 385.833
2308 911.107 358.942
2316 911.107 363.833
2325 911.107 364.453
2334 911.107 357.348
2343 911.107 359.545
2352 911.107 376.263
2361 911.107 360.673
2370 911.107 363.577
2379 911.107 356.487
2388 911.107 359.617
2397 911.107 356.880
2407 911.107 350.606
2416 911.107 347.866
2425 911.107 357.795
2433 911.107 355.922
2442 911.107 363.826
2451 911.107 355.535
2460 911.107 361.955
2469 911.107 362.739
2478 911.107 359.376
2486 911.107 363.770
2495 911.107 360.287
2504 911.107 362.403
2513 911.107 363.086
2521 911.107 362.052
2530 911.107 358.034
2540 911.107 350.915
2549 911.107 361.899
2558 911.107 363.699
2567 911.107 362.571
2578 911.107 356.893
2587 911.107 359.255
2595 911.107 364.181
2604 911.107 357.976
2613 911.107 361.914
2623 911.107 353.367
2631 911.107 361.787
2640 911.107 363.766
2649 911.107 356.016
2659 911.107 351.653
2668 911.107 369.573
2676 911.107 354.340
2685 911.107 359.829
2694 911.107 367.435
2703 911.107 365.227
2713 911.107 357.044
2722 911.107 359.276
2731 911.107 371.883
2741 911.107 369.012
2754 911.107 364.190
2767 911.107 365.150
2778 911.107 372.543
2790 911.107 378.526
2803 911.107 363.689
2816 911.107 358.156
2828 911.107 349.430
2839 911.107 360.888
2850 911.107 366.668
2862 911.107 362.304
2872 911.107 364.959
