time best mean
30 623.530 225.645
45 623.530 301.981
60 643.900 360.460
76 738.797 392.113
92 738.797 407.219
107 738.797 423.242
122 738.797 442.385
137 738.797 459.167
151 799.142 483.523
165 799.142 500.758
181 813.590 499.767
197 813.590 514.271
215 813.590 515.792
230 832.045 515.264
247 832.045 518.759
263 832.045 514.665
279 832.045 507.685
296 848.844 518.657
312 848.844 529.870
330 884.864 527.990
350 884.864 546.383
366 884.864 569.700
383 884.864 576.304
399 886.422 587.066
415 891.537 582.552
432 906.947 576.822
449 906.947 594.330
465 906.947 601.135
482 914.536 597.430
498 914.536 599.972
514 914.536 611.006
530 924.921 607.381
546 924.921 619.726
563 924.921 641.739
580 924.921 638.559
596 924.921 632.535
613 924.921 645.737
629 924.921 638.735
652 924.921 657.170
669 934.324 650.263
686 934.324 647.743
703 934.324 630.941
720 934.324 627.315
737 934.324 648.740
754 934.324 658.209
771 934.324 650.835
788 936.042 642.147
805 936.042 633.733
823 936.042 642.481
840 936.042 662.837
857 936.042 671.213
874 936.042 680.340
891 936.042 657.613
908 936.042 640.252
925 936.042 658.550
943 936.042 645.209
959 936.204 658.436
977 936.204 664.672
995 936.204 657.745
1013 936.204 631.218
1030 941.492 628.805
1048 941.492 650.764
1067 941.492 646.739
1088 941.492 651.828
1107 941.704 661.743
1128 946.558 675.078
1149 946.558 662.740
1168 946.558 647.528
1188 946.558 661.743
1211 946.558 663.465
1231 946.558 663.894
1253 946.558 660.754
1274 946.558 680.373
1295 946.558 684.059
1317 946.558 675.298
1336 946.558 660.418
1357 946.558 650.493
1378 946.558 661.886
1400 948.733 668.606
1419 948.733 671.969
1440 948.977 685.262
1460 948.977 679.187
1483 948.977 676.526
1503 948.977 683.001
1523 949.033 673.826
1541 949.033 679.949
1558 949.033 702.591
1575 949.033 686.098
1593 949.033 693.392
1616 949.040 668.840
1635 949.040 659.668
1652 949.040 655.287
1670 949.040 662.875
1687 949.040 674.505
1704 949.040 681.008
1726 949.040 691.051
1745 949.040 684.024
1763 949.040 693.838
1780 949.042 667.788
1797 949.042 681.677
1814 949.042 676.708
1832 949.042 672.554
1849 949.042 672.174
1865 949.042 666.534
1883 949.042 664.538
1900 949.042 664.819
1917 949.042 676.309
1934 949.042 673.498
1951 949.042 679.566
1968 949.113 682.295
1985 949.113 698.707
2002 949.113 698.650
2019 949.113 690.757
2040 949.113 700.151
2063 949.113 690.344
2079 949.113 686.485
2096 949.113 694.772
2113 949.113 700.689
2130 949.113 678.600
2147 949.113 686.490
2164 949.113 687.335
2181 949.113 678.796
2198 949.113 686.963
2215 949.113 679.902
2232 949.113 675.595
2248 949.113 683.763
2266 949.113 680.781
2284 949.113 675.221
2302 949.113 691.435
2318 949.208 674.987
2335 954.313 674.943
2351 954.313 681.389
2368 954.313 684.737
2387 954.313 703.804
2406 954.313 688.006
2427 954.313 689.007
2449 954.313 694.317
2469 954.313 683.689
2488 954.313 686.234
2508 954.313 671.303
2531 954.313 685.515
2550 954.313 682.437
2573 954.313 670.349
2594 954.313 692.152
2615 954.313 697.857
2635 954.313 670.302
2653 954.313 687.605
2674 954.313 675.784
2694 954.313 670.104
2713 954.313 671.132
2735 954.313 659.794
2756 954.313 652.398
2779 954.313 666.039
2800 954.313 663.858
2821 954.444 669.069
2837 954.444 677.446
2855 954.444 669.576
2872 954.444 674.401
2889 954.444 689.241
2905 954.444 680.628
2922 954.444 680.709
2939 954.444 656.591
2955 954.444 654.480
2972 954.444 671.732
2989 954.444 677.348
3006 954.444 682.076
3023 954.444 673.480
3042 954.444 670.102
3059 954.444 671.566
3075 954.444 674.490
3092 954.444 656.737
3109 954.444 674.910
3126 954.444 673.094
3143 954.444 669.199
3159 954.444 679.594
3176 954.444 672.230
3194 954.444 655.250
3210 954.444 644.942
3226 954.444 678.348
3248 954.444 689.084
3267 954.689 660.128
3284 954.689 690.340
3300 954.689 677.870
3317 954.689 680.823
3334 954.689 656.536
3350 954.689 645.261
3367 954.689 654.572
3385 954.689 658.427
3402 954.689 653.608
3419 954.689 645.099
3435 954.689 661.870
3451 954.689 658.388
3468 954.689 663.805
3485 954.689 663.262
3502 954.689 664.231
3518 954.689 644.462
3535 954.689 660.393
3551 954.689 667.542
3570 954.689 681.002
3586 954.689 670.577
3603 954.689 668.957
3619 954.709 681.477
3636 954.709 680.503
3653 954.709 683.274
3670 954.709 664.456
3687 954.709 658.037
3708 954.709 670.405
3724 954.709 670.529
3742 954.709 678.644
3758 954.709 663.863
3775 954.709 674.105
3792 954.709 657.650
3809 954.860 668.742
3826 954.860 671.219
3842 954.860 678.259
3860 954.860 695.776
3877 954.860 677.225
3893 954.860 681.455
3910 954.860 685.646
3927 954.860 693.488
3944 954.860 664.524
3961 954.860 670.707
3978 954.860 681.301
3996 954.860 700.809
4014 954.860 663.846
4031 954.860 680.550
4051 954.860 663.819
4072 954.860 654.785
4092 954.860 646.255
4112 954.860 662.636
4132 954.860 671.559
4152 954.860 657.497
4175 954.860 664.229
4196 954.860 668.604
4217 954.860 662.819
4235 954.860 667.413
4258 954.860 673.973
4278 954.860 671.162
4299 954.860 684.381
4319 954.860 678.299
4340 954.860 678.678
4358 954.860 667.414
4375 954.876 653.144
4395 954.876 662.627
4420 954.876 667.712
4437 954.876 668.561
4454 954.876 652.318
4471 954.876 657.666
4488 954.876 664.607
4505 954.876 662.363
4522 954.876 648.093
4540 955.460 666.755
4556 957.810 667.023
4574 957.810 668.860
4592 957.810 656.972
4608 957.810 660.173
4628 957.810 675.450
4647 957.810 670.211
4668 957.810 672.492
4687 959.563 656.595
4706 959.563 668.162
4729 959.563 666.543
4746 959.563 668.350
4769 959.563 657.130
4787 959.563 638.004
4804 959.563 649.665
4827 960.745 667.909
4847 960.745 666.599
4867 960.745 670.986
4887 960.745 661.671
4908 960.745 670.489
4928 960.745 651.584
4948 960.745 645.862
4968 960.745 655.230
4987 960.745 650.863
5006 961.234 639.894
5023 963.950 657.803
5041 963.950 646.118
5058 963.950 651.485
5075 963.950 645.791
5093 963.950 655.947
5114 963.950 657.523
5133 963.950 652.797
5154 964.543 649.214
5176 964.543 679.346
5197 964.543 660.439
5217 964.543 678.190
5237 964.543 673.611
5257 964.543 672.987
5276 964.543 679.261
5297 964.673 682.567
5317 964.673 697.656
5336 964.753 704.297
5355 964.753 688.640
5376 964.753 691.088
5398 964.753 677.197
5419 964.753 660.394
5438 964.753 651.060
5460 964.753 671.212
5481 964.753 677.428
