time best mean
30 736.732 222.552
44 736.732 308.741
56 736.732 372.736
69 736.732 403.760
82 736.732 422.977
96 736.732 450.912
108 736.732 488.260
122 736.732 526.659
137 736.732 569.579
153 736.732 621.400
167 736.732 670.283
182 736.732 707.510
195 736.732 729.909
207 736.732 736.346
222 736.732 736.732
234 736.732 736.732
247 736.732 736.732
259 736.732 736.732
271 736.732 736.732
283 736.732 736.732
297 736.732 736.732
309 736.732 736.732
321 736.732 736.732
334 736.732 736.732
347 736.732 736.732
359 736.732 736.732
371 736.732 736.732
385 736.732 736.732
397 736.732 736.732
409 736.732 736.732
422 736.732 736.732
435 736.732 736.732
448 736.732 736.732
460 736.732 736.732
472 736.732 736.732
485 736.732 736.732
497 736.732 736.732
510 736.732 736.732
522 736.732 736.732
535 736.732 736.732
548 736.732 736.732
562 736.732 736.732
574 736.732 736.732
587 736.732 736.732
599 736.732 736.732
612 736.732 736.732
624 736.732 736.732
640 736.732 736.732
655 736.732 736.732
668 736.732 736.732
683 736.732 736.732
701 736.732 736.732
718 736.732 736.732
735 736.732 736.732
751 736.732 736.732
767 736.732 736.732
783 736.732 736.732
797 736.732 736.732
813 736.732 736.732
827 736.732 736.732
842 736.732 736.732
857 736.732 736.732
873 736.732 736.732
889 736.732 736.732
905 736.732 736.732
922 736.732 736.732
937 736.732 736.732
954 736.732 736.732
969 736.732 736.732
987 736.732 736.732
1004 736.732 736.732
1018 736.732 736.732
1034 736.732 736.732
1051 736.732 736.732
1064 736.732 736.732
1076 736.732 736.732
1089 736.732 736.732
1102 736.732 736.732
1114 736.732 736.732
1127 736.732 736.732
1140 736.732 736.732
1153 736.732 736.732
1168 736.732 736.732
1180 736.732 736.732
1193 736.732 736.732
1205 736.732 736.732
1217 736.732 736.732
1230 736.732 736.732
1243 736.732 736.732
1255 736.732 736.732
1268 736.732 736.732
1283 736.732 736.732
1295 736.732 736.732
1309 736.732 736.732
1321 736.732 736.732
1333 736.732 736.732
1346 736.732 736.732
1359 736.732 736.732
1371 736.732 736.732
1384 736.732 736.732
1396 736.732 736.732
1409 736.732 736.732
1421 736.732 736.732
1433 736.732 736.732
1446 736.732 736.732
1459 736.732 736.732
1471 736.732 736.732
1483 736.732 736.732
1497 736.732 736.732
1509 736.732 736.732
1521 736.732 736.732
1533 736.732 736.732
1545 736.732 736.732
1558 736.732 736.732
1570 736.732 736.732
1582 736.732 736.732
1594 736.732 736.732
1607 736.732 736.732
1620 736.732 736.732
1632 736.732 736.732
1644 736.732 736.732
1656 736.732 736.732
1668 736.732 736.732
1682 736.732 736.732
1694 736.732 736.732
1707 736.732 736.732
1719 736.732 736.732
1732 736.732 736.732
1744 736.732 736.732
1756 736.732 736.732
1769 736.732 736.732
1781 736.732 736.732
1794 736.732 736.732
1806 736.732 736.732
1819 736.732 736.732
1831 736.732 736.732
1843 736.732 736.732
1856 736.732 736.732
1869 736.732 736.732
1881 736.732 736.732
1893 736.732 736.732
1906 736.732 736.732
1918 736.732 736.732
1930 736.732 736.732
1943 736.732 736.732
1955 736.732 736.732
1968 736.732 736.732
1980 736.732 736.732
1992 736.732 736.732
2005 736.732 736.732
2018 736.732 736.732
2031 736.732 736.732
2043 736.732 736.732
2056 736.732 736.732
2068 736.732 736.732
2080 736.732 736.732
2092 736.732 736.732
2105 736.732 736.732
2117 736.732 736.732
2129 736.732 736.732
2142 736.732 736.732
2154 736.732 736.732
2169 736.732 736.732
2187 736.732 736.732
2199 736.732 736.732
2211 736.732 736.732
2223 736.732 736.732
2237 736.732 736.732
2249 736.732 736.732
2263 736.732 736.732
2275 736.732 736.732
2288 736.732 736.732
2300 736.732 736.732
2312 736.732 736.732
2325 736.732 736.732
2337 736.732 736.732
2349 736.732 736.732
2361 736.732 736.732
2374 736.732 736.732
2386 736.732 736.732
2398 736.732 736.732
2411 736.732 736.732
2423 736.732 736.732
2435 736.732 736.732
2447 736.732 736.732
2460 736.732 736.732
2472 736.732 736.732
2485 736.732 736.732
2498 736.732 736.732
2510 736.732 736.732
2523 736.732 736.732
2535 736.732 736.732
2548 736.732 736.732
2560 736.732 736.732
2572 736.732 736.732
2584 736.732 736.732
2596 736.732 736.732
2609 736.732 736.732
2622 736.732 736.732
2634 736.732 736.732
2646 736.732 736.732
2658 736.732 736.732
2671 736.732 736.732
2683 736.732 736.732
2696 736.732 736.732
2709 736.732 736.732
2721 736.732 736.732
2733 736.732 736.732
2745 736.732 736.732
2757 736.732 736.732
2769 736.732 736.732
2785 736.732 736.732
2798 736.732 736.732
2810 736.732 736.732
2822 736.732 736.732
2835 736.732 736.732
2847 736.732 736.732
2860 736.732 736.732
2872 736.732 736.732
2884 736.732 736.732
2896 736.732 736.732
2908 736.732 736.732
2921 736.732 736.732
2934 736.732 736.732
2953 736.732 736.732
2965 736.732 736.732
2977 736.732 736.732
2989 736.732 736.732
3002 736.732 736.732
3014 736.732 736.732
3026 736.732 736.732
3038 736.732 736.732
3051 736.732 736.732
3063 736.732 736.732
3076 736.732 736.732
3088 736.732 736.732
3101 736.732 736.732
3113 736.732 736.732
3125 736.732 736.732
3138 736.732 736.732
3150 736.732 736.732
3162 736.732 736.732
3175 736.732 736.732
3187 736.732 736.732
3199 736.732 736.732
3211 736.732 736.732
3224 736.732 736.732
3236 736.732 736.732
3248 736.732 736.732
3261 736.732 736.732
3273 736.732 736.732
3286 736.732 736.732
3298 736.732 736.732
3310 736.732 736.732
3322 736.732 736.732
3334 736.732 736.732
3349 736.732 736.732
3361 736.732 736.732
3373 736.732 736.732
3386 736.732 736.732
3398 736.732 736.732
3410 736.732 736.732
3423 736.732 736.732
3436 736.732 736.732
3452 736.732 736.732
3470 736.732 736.732
3488 736.732 736.732
3501 736.732 736.732
3513 736.732 736.732
3525 736.732 736.732
3538 736.732 736.732
3550 736.732 736.732
3562 736.732 736.732
3574 736.732 736.732
3586 736.732 736.732
3600 736.732 736.732
3612 736.732 736.732
3624 736.732 736.732
3636 736.732 736.732
3649 736.732 736.732
3662 736.732 736.732
3674 736.732 736.732
3686 736.732 736.732
3704 736.732 736.732
3717 736.732 736.732
3729 736.732 736.732
3741 736.732 736.732
3754 736.732 736.732
3770 736.732 736.732
3782 736.732 736.732
3794 736.732 736.732
3807 736.732 736.732
3821 736.732 736.732
3833 736.732 736.732
3846 736.732 736.732
3858 736.732 736.732
3871 736.732 736.732
3884 736.732 736.732
3899 736.732 736.732
3911 736.732 736.732
