time best mean
27 664.008 204.750
40 664.008 284.857
53 731.429 360.243
65 731.429 404.751
77 731.429 430.769
90 910.764 452.088
104 910.764 491.761
118 910.764 538.056
132 910.764 579.343
147 910.764 625.730
162 960.921 656.666
176 960.921 663.383
191 960.921 695.239
206 960.921 707.848
221 960.921 736.221
236 960.921 760.199
250 960.921 793.207
266 960.921 816.245
281 963.158 827.409
296 963.158 846.591
315 963.158 828.026
331 963.158 847.701
346 963.158 876.666
360 963.158 886.408
374 964.045 888.699
390 964.045 884.018
404 964.045 874.883
418 964.045 881.740
434 964.610 875.961
449 964.610 890.929
462 964.610 877.705
477 964.610 886.348
491 964.610 881.161
505 964.610 886.717
519 964.610 874.754
533 964.610 884.987
548 964.610 870.867
563 966.535 878.715
577 966.535 862.176
592 966.535 871.593
606 966.535 871.741
621 966.535 889.792
635 966.535 878.370
650 966.535 877.423
668 966.535 876.038
686 966.535 874.100
701 966.535 873.621
716 966.535 874.915
730 966.812 876.893
745 966.812 880.651
760 966.812 873.577
775 966.812 870.279
790 966.812 866.219
804 966.812 873.574
819 966.812 876.843
834 966.812 887.763
848 967.991 883.230
863 967.991 865.680
877 967.991 881.972
892 967.991 893.329
907 967.991 888.259
921 968.053 876.719
937 968.053 888.620
952 968.053 887.647
967 968.053 876.617
982 968.053 862.378
1003 968.053 875.751
1023 968.053 884.093
1042 968.053 888.778
1060 968.053 880.007
1078 968.053 891.550
1095 968.053 893.183
1110 968.053 872.779
1124 968.053 880.593
1139 969.850 881.528
1154 969.850 878.687
1168 969.850 876.468
1183 969.850 882.641
1197 969.850 874.208
1212 969.850 889.998
1226 969.850 873.982
1241 969.850 890.291
1255 969.850 876.199
1270 969.850 873.450
1285 969.850 890.205
1300 969.850 880.765
1314 970.362 875.206
1328 970.362 892.852
1342 970.362 875.924
1356 970.362 874.305
1370 970.362 860.267
1385 970.362 874.224
1399 970.362 881.173
1413 970.362 884.705
1427 970.362 890.496
1441 970.362 879.601
1458 970.362 884.969
1472 970.362 874.752
1486 970.362 858.314
1500 970.362 870.148
1514 970.362 870.298
1529 970.362 874.595
1544 970.548 868.969
1558 970.548 879.270
1572 970.548 879.091
1587 970.548 879.590
1606 970.548 897.613
1621 970.548 872.437
1638 970.548 870.678
1658 970.548 871.614
1672 970.548 874.201
1686 970.548 888.477
1700 970.548 878.240
1714 970.548 887.270
1728 970.548 885.255
1743 970.548 881.266
1757 970.639 877.132
1771 970.639 896.118
1786 970.639 897.979
1800 970.639 887.543
1815 970.639 879.385
1829 970.639 884.463
1843 970.639 878.513
1857 970.639 869.659
1877 970.639 872.701
1892 970.639 878.023
1906 970.675 878.001
1920 970.675 866.137
1934 970.675 883.103
1949 970.675 882.050
1963 970.675 891.926
1977 970.675 870.343
1992 970.675 882.408
2007 970.675 881.661
2021 970.675 875.876
2035 970.675 880.637
2050 970.675 866.658
2064 970.675 885.939
2078 970.675 892.430
2092 970.675 872.868
2106 970.675 878.004
2120 970.675 883.383
2135 970.675 883.263
2151 970.675 880.559
2171 970.675 867.113
2190 970.675 884.682
2210 970.675 890.000
2225 970.675 892.820
2239 970.675 889.804
2253 970.675 878.072
2268 970.675 880.558
2282 970.675 871.742
2296 970.675 874.504
2310 970.675 859.756
2324 970.675 883.387
2338 970.768 876.974
2352 970.768 870.828
2366 970.768 865.991
2381 970.768 888.018
2395 970.768 892.751
2409 970.768 870.762
2424 970.768 875.346
2438 970.768 891.539
2452 970.768 883.470
2467 970.768 869.229
2482 970.768 870.004
2496 970.768 870.927
2510 970.768 878.674
2524 970.768 884.111
2538 970.768 876.871
2553 970.867 888.867
2566 970.867 897.432
2581 970.867 881.508
2598 970.867 885.653
2612 970.867 883.071
2627 970.867 871.508
2640 970.867 889.191
2654 970.867 893.901
2669 970.867 884.701
2685 970.867 890.503
2698 970.867 883.192
2713 970.867 887.429
2727 970.867 883.870
2745 970.867 883.367
2763 970.867 877.367
2781 971.177 872.336
2797 971.177 888.478
2815 971.177 867.776
2831 971.177 873.607
2850 971.177 872.933
2866 971.177 885.395
2882 971.177 879.306
2898 971.177 883.684
2915 971.177 884.002
2931 971.177 876.789
2949 971.177 881.911
2964 971.177 874.979
2982 971.177 872.760
2999 971.177 875.401
3015 971.177 890.431
3031 971.177 879.605
3047 971.177 883.341
3065 971.177 878.417
3082 971.177 883.155
3098 971.177 876.127
3115 971.177 874.471
3131 971.177 882.306
3148 971.177 879.620
3164 971.177 877.022
3182 971.177 869.772
3199 971.177 859.133
3215 971.177 873.214
3232 971.177 881.660
3248 971.177 878.533
3266 971.177 888.370
3282 971.177 894.186
3298 971.177 895.568
3315 971.177 886.808
3331 971.177 872.743
3347 971.177 879.390
3364 971.177 886.828
3382 971.177 878.819
3399 971.177 886.496
3415 971.177 886.978
3431 971.177 882.918
3449 971.177 878.322
3466 971.177 861.773
3483 971.177 874.843
3498 971.177 877.813
3514 971.177 879.023
3530 971.177 883.956
3546 971.177 876.889
3568 971.177 880.697
3590 971.177 876.503
3609 971.177 873.796
3625 971.177 871.116
3642 971.177 878.172
3658 971.177 887.597
3677 971.177 882.516
3692 971.177 880.242
3706 971.177 891.349
3725 971.177 875.271
3740 971.177 881.418
3754 971.228 885.854
3769 971.228 888.306
3783 971.228 886.451
3798 971.228 875.460
3813 971.228 878.581
3827 971.228 882.379
3841 971.228 884.344
3856 971.228 875.436
3870 971.228 872.026
3884 971.228 884.400
3899 971.228 880.344
3913 971.245 872.389
3927 971.245 884.231
3941 971.245 891.841
3955 971.245 887.046
3969 971.245 882.893
3984 971.245 863.448
3998 971.245 870.701
4012 971.245 873.992
4033 971.245 870.373
4053 971.245 893.673
4070 971.245 883.734
4085 971.338 878.830
4099 971.338 890.305
4113 971.338 883.413
4127 971.338 872.945
4141 971.338 871.307
4156 971.338 889.626
4170 971.338 885.417
4184 971.338 870.582
4198 971.338 871.154
4212 971.338 878.397
4228 971.338 865.681
4241 971.338 885.938
4255 971.338 868.036
4270 971.338 863.572
4285 971.338 873.378
4299 971.338 882.898
4313 971.338 871.777
4327 971.421 878.591
4341 971.421 892.078
4356 971.421 886.440
4370 971.421 867.060
4385 971.421 878.884
4399 971.421 871.980
4413 971.421 881.760
4427 971.421 889.357
4442 971.421 886.382
4456 971.421 872.829
4470 971.421 886.481
4485 971.421 885.193
4499 971.421 880.384
4513 971.421 870.737
4527 971.421 885.569
4541 971.421 882.149
4555 971.421 883.842
4577 971.421 874.565
