hostname smiroshnychenko
datetime Wed Jun 25 07:41:56 EEST 2014
runs_count 100
timeout 7
avg_time 7.000
mses 0.072 0.067 0.071 0.358 0.359 0.107 0.352 0.342 0.130 0.081 0.307 0.068 0.359 0.069 0.079 0.378 0.359 0.179 0.350 0.343 0.106 0.132 0.079 0.354 0.125 0.072 0.345 0.356 0.345 0.362 0.138 0.076 0.362 0.072 0.361 0.110 0.128 0.110 0.082 0.505 0.070 0.326 0.191 0.057 0.074 0.071 0.503 0.110 0.075 0.083 0.071 0.032 0.072 0.132 0.361 0.075 0.070 0.135 0.353 0.306 0.058 0.140 0.071 0.360 0.071 0.359 0.109 0.344 0.344 0.081 0.342 0.115 0.070 0.165 0.069 0.123 0.357 0.367 0.072 0.085 0.070 0.363 0.137 0.361 0.359 0.358 0.522 0.135 0.068 0.071 0.072 0.074 0.074 0.097 0.074 0.074 0.126 0.357 0.067 0.344
best_mse 0.032
mse_success_margin .08
success_rate 35
test_caption       Эффективность алгоритма при плавной и динамической мутации констант
experiment_caption Плавно-динамическая
population_size    100
tree_depth         5
genes_count        1
generations_count  100000
mutations_per_chromosome  2
ops_preset         short
coding_type        ferreira
fitness_type       mse
mse_coefficient    10
