hostname smiroshnychenko
datetime Wed Jun 25 07:58:38 EEST 2014
runs_count 100
timeout 10
avg_time 10.000
mses 0.081 0.173 0.075 0.066 0.078 0.082 0.159 0.118 0.035 0.081 0.070 0.080 0.169 0.079 0.129 0.071 0.109 0.091 0.081 0.173 0.170 0.077 0.038 0.173 0.081 0.075 0.081 0.075 0.081 0.076 0.112 0.129 0.081 0.081 0.170 0.127 0.081 0.081 0.126 0.081 0.170 0.071 0.081 0.082 0.077 0.131 0.081 0.038 0.075 0.079 0.081 0.081 0.077 0.081 0.033 0.075 0.105 0.129 0.081 0.070 0.081 0.039 0.028 0.078 0.079 0.129 0.173 0.087 0.081 0.034 0.077 0.064 0.088 0.081 0.080 0.087 0.075 0.081 0.129 0.082 0.075 0.046 0.086 0.034 0.061 0.076 0.082 0.081 0.075 0.075 0.081 0.170 0.107 0.075 0.081 0.081 0.081 0.039 0.087 0.075
best_mse 0.028
mse_success_margin .05
success_rate 10
test_caption       Эффективность алгоритма при плавной и динамической мутации констант
experiment_caption Плавно-динамическая
population_size    100
tree_depth         5
genes_count        1
generations_count  100000
mutations_per_chromosome  2
ops_preset         short
coding_type        ferreira
fitness_type       mse
mse_coefficient    10
