hostname smiroshnychenko
datetime Thu Jun 26 07:25:10 EEST 2014
runs_count 100
timeout 10
avg_time 10.000
mses 0.165 0.165 0.135 0.133 0.151 0.162 0.152 0.130 0.136 0.116 0.164 0.133 0.144 0.152 0.132 0.115 0.165 0.140 0.165 0.156 0.159 0.155 0.135 0.135 0.162 0.108 0.142 0.133 0.112 0.129 0.165 0.129 0.153 0.120 0.113 0.157 0.139 0.157 0.165 0.117 0.165 0.165 0.151 0.165 0.109 0.136 0.130 0.112 0.139 0.142 0.153 0.127 0.157 0.151 0.157 0.142 0.165 0.148 0.100 0.145 0.132 0.142 0.151 0.133 0.130 0.139 0.065 0.081 0.143 0.147 0.142 0.092 0.098 0.134 0.165 0.165 0.134 0.150 0.165 0.132 0.164 0.151 0.134 0.142 0.152 0.137 0.125 0.134 0.137 0.132 0.151 0.127 0.149 0.130 0.157 0.134 0.144 0.130 0.089 0.131
best_mse 0.065
mse_success_margin .06
success_rate 0
test_caption       Эффективность алгоритма при различных коэффициентах давления $K$
experiment_caption $K=0.01$ (префикс.)
population_size    100
tree_depth         5
genes_count        1
generations_count  100000
mutations_per_chromosome  2
ops_preset         full
coding_type        prefix
fitness_type       mse
mse_coefficient    0.01
