hostname smiroshnychenko
datetime Thu Jun 26 06:40:05 EEST 2014
runs_count 100
timeout 10
avg_time 10.000
mses 0.133 0.080 0.148 0.145 0.090 0.130 0.129 0.164 0.155 0.136 0.133 0.134 0.159 0.165 0.165 0.165 0.130 0.165 0.165 0.130 0.165 0.139 0.147 0.149 0.149 0.117 0.141 0.130 0.108 0.145 0.116 0.128 0.135 0.152 0.123 0.149 0.157 0.130 0.139 0.165 0.165 0.125 0.152 0.145 0.143 0.136 0.136 0.145 0.130 0.116 0.165 0.148 0.126 0.162 0.140 0.133 0.157 0.105 0.160 0.148 0.140 0.156 0.153 0.146 0.165 0.153 0.119 0.141 0.130 0.130 0.132 0.149 0.119 0.129 0.131 0.132 0.131 0.120 0.154 0.165 0.141 0.143 0.165 0.134 0.165 0.155 0.068 0.114 0.100 0.128 0.156 0.165 0.130 0.044 0.165 0.165 0.159 0.159 0.138 0.130
best_mse 0.044
mse_success_margin .06
success_rate 1
test_caption       Эффективность алгоритма при различных коэффициентах давления $K$
experiment_caption $K=0.01$ (ферр.)
population_size    100
tree_depth         5
genes_count        1
generations_count  100000
mutations_per_chromosome  2
ops_preset         full
coding_type        ferreira
fitness_type       mse
mse_coefficient    0.01
