hostname smiroshnychenko
datetime Thu Jun 26 06:23:23 EEST 2014
runs_count 100
timeout 10
avg_time 10.000
mses 0.173 0.173 0.130 0.131 0.173 0.173 0.173 0.173 0.173 0.173 0.173 0.085 0.129 0.081 0.173 0.087 0.076 0.127 0.082 0.077 0.082 0.173 0.173 0.173 0.158 0.173 0.080 0.173 0.173 0.085 0.173 0.173 0.173 0.127 0.173 0.173 0.134 0.170 0.173 0.164 0.129 0.173 0.131 0.170 0.081 0.158 0.081 0.115 0.081 0.081 0.086 0.109 0.173 0.131 0.173 0.131 0.131 0.173 0.083 0.081 0.173 0.173 0.130 0.081 0.173 0.158 0.172 0.131 0.078 0.081 0.173 0.138 0.173 0.078 0.081 0.170 0.131 0.081 0.173 0.173 0.173 0.131 0.173 0.156 0.039 0.129 0.132 0.173 0.130 0.131 0.087 0.173 0.129 0.158 0.173 0.081 0.084 0.129 0.087 0.173
best_mse 0.039
mse_success_margin .05
success_rate 1
test_caption       Эффективность алгоритма при различных коэффициентах давления $K$
experiment_caption $K=0.01$ (ферр.)
population_size    100
tree_depth         5
genes_count        1
generations_count  100000
mutations_per_chromosome  2
ops_preset         short
coding_type        ferreira
fitness_type       mse
mse_coefficient    0.01
