hostname smiroshnychenko
datetime Thu Jun 26 07:08:28 EEST 2014
runs_count 100
timeout 10
avg_time 10.000
mses 0.130 0.129 0.130 0.081 0.170 0.173 0.173 0.173 0.173 0.172 0.052 0.173 0.130 0.130 0.173 0.173 0.130 0.173 0.173 0.081 0.076 0.130 0.131 0.081 0.130 0.170 0.030 0.173 0.173 0.129 0.081 0.085 0.170 0.131 0.083 0.158 0.134 0.131 0.131 0.130 0.129 0.117 0.170 0.170 0.173 0.129 0.084 0.129 0.081 0.173 0.173 0.156 0.173 0.173 0.173 0.131 0.173 0.173 0.127 0.173 0.076 0.129 0.173 0.088 0.129 0.130 0.131 0.173 0.126 0.127 0.170 0.131 0.173 0.131 0.128 0.131 0.131 0.173 0.173 0.173 0.081 0.128 0.170 0.081 0.081 0.173 0.131 0.173 0.173 0.173 0.173 0.127 0.081 0.173 0.081 0.116 0.158 0.130 0.173 0.173
best_mse 0.030
mse_success_margin .05
success_rate 1
test_caption       Эффективность алгоритма при различных коэффициентах давления $K$
experiment_caption $K=0.01$ (префикс.)
population_size    100
tree_depth         5
genes_count        1
generations_count  100000
mutations_per_chromosome  2
ops_preset         short
coding_type        prefix
fitness_type       mse
mse_coefficient    0.01
