hostname smiroshnychenko
datetime Thu Jun 26 07:36:51 EEST 2014
runs_count 100
timeout 7
avg_time 7.000
mses 0.295 0.369 0.503 0.096 0.114 0.304 0.345 0.336 0.361 0.361 0.080 0.511 0.132 0.358 0.354 0.358 0.475 0.163 0.099 0.329 0.131 0.361 0.361 0.354 0.198 0.361 0.361 0.188 0.361 0.074 0.360 0.289 0.249 0.361 0.087 0.362 0.155 0.369 0.358 0.361 0.360 0.352 0.099 0.361 0.361 0.361 0.201 0.361 0.361 0.291 0.359 0.082 0.367 0.369 0.361 0.353 0.043 0.232 0.360 0.353 0.451 0.345 0.136 0.362 0.107 0.124 0.115 0.361 0.109 0.202 0.120 0.344 0.353 0.498 0.361 0.361 0.199 0.143 0.186 0.122 0.089 0.362 0.359 0.363 0.321 0.178 0.354 0.350 0.361 0.345 0.360 0.361 0.181 0.169 0.372 0.133 0.381 0.114 0.361 0.118
best_mse 0.043
mse_success_margin .08
success_rate 3
test_caption       Эффективность алгоритма при различных коэффициентах давления $K$
experiment_caption $K=0.01$ (налож.)
population_size    100
tree_depth         5
genes_count        1
generations_count  100000
mutations_per_chromosome  2
ops_preset         short
coding_type        overlapped
fitness_type       mse
mse_coefficient    0.01
