hostname smiroshnychenko
datetime Thu Jun 26 07:53:33 EEST 2014
runs_count 100
timeout 10
avg_time 10.000
mses 0.130 0.173 0.081 0.171 0.173 0.081 0.173 0.131 0.128 0.081 0.158 0.081 0.122 0.173 0.055 0.173 0.173 0.081 0.173 0.157 0.094 0.035 0.173 0.173 0.081 0.081 0.130 0.091 0.173 0.173 0.173 0.129 0.114 0.173 0.088 0.130 0.131 0.127 0.081 0.170 0.081 0.080 0.081 0.152 0.076 0.173 0.170 0.075 0.139 0.133 0.081 0.087 0.131 0.173 0.084 0.126 0.078 0.173 0.173 0.173 0.076 0.129 0.088 0.078 0.173 0.131 0.081 0.173 0.173 0.173 0.173 0.131 0.065 0.173 0.173 0.173 0.173 0.102 0.083 0.134 0.100 0.170 0.130 0.079 0.173 0.134 0.173 0.110 0.131 0.173 0.088 0.081 0.099 0.173 0.173 0.173 0.077 0.131 0.081 0.129
best_mse 0.035
mse_success_margin .05
success_rate 1
test_caption       Эффективность алгоритма при различных коэффициентах давления $K$
experiment_caption $K=0.01$ (налож.)
population_size    100
tree_depth         5
genes_count        1
generations_count  100000
mutations_per_chromosome  2
ops_preset         short
coding_type        overlapped
fitness_type       mse
mse_coefficient    0.01
