hostname smiroshnychenko
datetime Thu Jun 26 06:06:42 EEST 2014
runs_count 100
timeout 7
avg_time 7.000
mses 0.361 0.085 0.193 0.175 0.080 0.361 0.359 0.361 0.112 0.110 0.359 0.207 0.355 0.118 0.362 0.361 0.361 0.396 0.369 0.351 0.110 0.361 0.111 0.362 0.354 0.265 0.361 0.121 0.382 0.099 0.495 0.361 0.345 0.361 0.361 0.085 0.353 0.341 0.143 0.118 0.361 0.089 0.116 0.108 0.348 0.354 0.089 0.361 0.362 0.355 0.375 0.363 0.369 0.355 0.148 0.361 0.354 0.351 0.127 0.361 0.361 0.357 0.356 0.264 0.102 0.343 0.155 0.341 0.360 0.265 0.122 0.361 0.114 0.299 0.346 0.221 0.348 0.361 0.355 0.115 0.360 0.166 0.361 0.135 0.366 0.354 0.361 0.469 0.185 0.359 0.393 0.589 0.361 0.361 0.361 0.293 0.361 0.140 0.366 0.103
best_mse 0.080
mse_success_margin .08
success_rate 1
test_caption       Эффективность алгоритма при различных коэффициентах давления $K$
experiment_caption $K=0.01$ (ферр.)
population_size    100
tree_depth         5
genes_count        1
generations_count  100000
mutations_per_chromosome  2
ops_preset         short
coding_type        ferreira
fitness_type       mse
mse_coefficient    0.01
