hostname smiroshnychenko
datetime Thu Jun 26 08:10:15 EEST 2014
runs_count 100
timeout 10
avg_time 10.000
mses 0.161 0.125 0.143 0.131 0.153 0.151 0.151 0.106 0.089 0.145 0.135 0.093 0.113 0.157 0.137 0.161 0.073 0.133 0.154 0.145 0.133 0.153 0.138 0.119 0.165 0.137 0.156 0.165 0.155 0.132 0.138 0.142 0.165 0.165 0.124 0.153 0.130 0.138 0.158 0.151 0.156 0.130 0.128 0.132 0.165 0.136 0.165 0.165 0.129 0.161 0.147 0.139 0.114 0.141 0.125 0.108 0.134 0.112 0.143 0.165 0.143 0.151 0.145 0.142 0.165 0.143 0.136 0.145 0.131 0.130 0.134 0.141 0.150 0.087 0.149 0.161 0.120 0.132 0.109 0.162 0.165 0.135 0.074 0.108 0.133 0.140 0.141 0.165 0.165 0.090 0.151 0.134 0.066 0.131 0.165 0.130 0.142 0.139 0.164 0.164
best_mse 0.066
mse_success_margin .06
success_rate 0
test_caption       Эффективность алгоритма при различных коэффициентах давления $K$
experiment_caption $K=0.01$ (налож.)
population_size    100
tree_depth         5
genes_count        1
generations_count  100000
mutations_per_chromosome  2
ops_preset         full
coding_type        overlapped
fitness_type       mse
mse_coefficient    0.01
