hostname smiroshnychenko
datetime Tue Jun 24 23:26:02 EEST 2014
runs_count 100
timeout 7
avg_time 7.000
mses 0.031 0.128 0.120 0.196 0.326 0.073 0.337 0.052 0.073 0.066 0.349 0.250 0.069 0.104 0.070 0.361 0.274 0.369 0.086 0.071 0.073 0.349 0.071 0.033 0.350 0.070 0.070 0.070 0.347 0.071 0.366 0.104 0.070 0.110 0.057 0.079 0.030 0.095 0.113 0.360 0.071 0.577 0.068 0.343 0.361 0.104 0.431 0.069 0.575 0.067 0.071 0.357 0.353 0.062 0.085 0.074 0.112 0.188 0.112 0.260 0.344 0.570 0.109 0.073 0.069 0.099 0.353 0.498 0.466 0.348 0.353 0.344 0.349 0.079 0.344 0.073 0.459 0.383 0.356 0.070 0.589 0.123 0.066 0.071 0.344 0.070 0.409 0.123 0.313 0.033 0.524 0.359 0.042 0.115 0.359 0.064 0.357 0.334 0.352 0.068
best_mse 0.030
mse_success_margin .08
success_rate 38
test_caption       Эффективность алгоритма при различных вероятностях мутации
experiment_caption 1 мутаций (префикс.)
population_size    100
tree_depth         5
genes_count        1
generations_count  100000
mutations_per_chromosome  1
ops_preset         short
coding_type        prefix
fitness_type       mse
mse_coefficient    10
