hostname smiroshnychenko
datetime Wed Jun 25 02:26:21 EEST 2014
runs_count 100
timeout 7
avg_time 7.000
mses 0.112 0.341 0.071 0.114 0.080 0.131 0.037 0.071 0.057 0.112 0.073 0.361 0.361 0.072 0.351 0.071 0.113 0.129 0.072 0.068 0.359 0.349 0.352 0.063 0.342 0.328 0.073 0.080 0.116 0.066 0.073 0.066 0.347 0.070 0.070 0.359 0.361 0.347 0.337 0.106 0.253 0.357 0.075 0.360 0.108 0.359 0.112 0.343 0.345 0.075 0.073 0.114 0.009 0.073 0.073 0.068 0.071 0.123 0.105 0.066 0.074 0.176 0.123 0.358 0.345 0.348 0.067 0.359 0.354 0.072 0.128 0.152 0.355 0.165 0.070 0.359 0.359 0.110 0.071 0.359 0.137 0.359 0.353 0.071 0.354 0.361 0.361 0.062 0.028 0.073 0.032 0.344 0.162 0.362 0.070 0.096 0.066 0.359 0.193 0.359
best_mse 0.009
mse_success_margin .08
success_rate 39
test_caption       Эффективность алгоритма при различных вероятностях мутации
experiment_caption 2 мутаций (налож.)
population_size    100
tree_depth         5
genes_count        1
generations_count  100000
mutations_per_chromosome  2
ops_preset         short
coding_type        overlapped
fitness_type       mse
mse_coefficient    10
