hostname smiroshnychenko
datetime Tue Jun 24 22:29:16 EEST 2014
runs_count 100
timeout 10
avg_time 10.000
mses 0.165 0.050 0.155 0.165 0.165 0.140 0.165 0.165 0.082 0.165 0.160 0.134 0.165 0.165 0.160 0.132 0.142 0.135 0.133 0.159 0.165 0.165 0.165 0.133 0.155 0.143 0.142 0.165 0.148 0.073 0.158 0.095 0.159 0.140 0.165 0.165 0.165 0.108 0.159 0.134 0.165 0.165 0.151 0.159 0.154 0.133 0.130 0.149 0.160 0.160 0.160 0.165 0.165 0.112 0.149 0.145 0.060 0.133 0.165 0.165 0.150 0.165 0.151 0.165 0.165 0.126 0.137 0.165 0.136 0.165 0.151 0.165 0.165 0.153 0.165 0.154 0.139 0.165 0.143 0.098 0.152 0.160 0.096 0.165 0.165 0.149 0.160 0.165 0.165 0.137 0.165 0.079 0.165 0.165 0.138 0.142 0.160 0.141 0.090 0.130
best_mse 0.050
mse_success_margin .06
success_rate 2
test_caption       Эффективность алгоритма при различных вероятностях мутации
experiment_caption Без мутаций (налож.)
population_size    100
tree_depth         5
genes_count        1
generations_count  100000
mutations_per_chromosome  0
ops_preset         full
coding_type        overlapped
fitness_type       mse
mse_coefficient    10
