hostname smiroshnychenko
datetime Tue Jun 24 21:27:29 EEST 2014
runs_count 100
timeout 10
avg_time 10.000
mses 0.289 0.170 0.289 0.131 0.173 0.289 0.289 0.131 0.058 0.081 0.289 0.173 0.170 0.289 0.289 0.081 0.173 0.264 0.266 0.081 0.289 0.266 0.173 0.173 0.289 0.289 0.074 0.289 0.266 0.289 0.173 0.173 0.087 0.075 0.173 0.289 0.131 0.170 0.109 0.173 0.081 0.289 0.173 0.081 0.173 0.289 0.127 0.173 0.289 0.289 0.129 0.173 0.289 0.266 0.289 0.173 0.081 0.170 0.289 0.266 0.173 0.134 0.126 0.062 0.289 0.211 0.173 0.087 0.173 0.173 0.173 0.168 0.081 0.289 0.254 0.157 0.289 0.289 0.087 0.173 0.289 0.126 0.173 0.289 0.266 0.106 0.173 0.289 0.173 0.173 0.081 0.173 0.081 0.087 0.173 0.266 0.088 0.173 0.088 0.289
best_mse 0.058
mse_success_margin .05
success_rate 0
test_caption       Эффективность алгоритма при различных вероятностях мутации
experiment_caption Без мутаций (префикс.)
population_size    100
tree_depth         5
genes_count        1
generations_count  100000
mutations_per_chromosome  0
ops_preset         short
coding_type        prefix
fitness_type       mse
mse_coefficient    10
