hostname smiroshnychenko
datetime Wed Jun 25 00:44:30 EEST 2014
runs_count 100
timeout 10
avg_time 10.000
mses 0.135 0.135 0.102 0.165 0.135 0.050 0.130 0.102 0.163 0.131 0.131 0.165 0.165 0.109 0.149 0.139 0.111 0.109 0.136 0.153 0.131 0.165 0.165 0.153 0.165 0.099 0.143 0.135 0.126 0.112 0.072 0.095 0.128 0.162 0.144 0.100 0.131 0.114 0.130 0.120 0.132 0.134 0.067 0.125 0.165 0.131 0.136 0.120 0.098 0.072 0.165 0.136 0.165 0.165 0.145 0.135 0.044 0.130 0.133 0.165 0.152 0.082 0.056 0.130 0.082 0.140 0.130 0.123 0.102 0.137 0.165 0.094 0.138 0.165 0.165 0.165 0.165 0.049 0.132 0.098 0.068 0.085 0.130 0.135 0.091 0.135 0.151 0.129 0.165 0.123 0.165 0.094 0.147 0.071 0.120 0.080 0.105 0.165 0.165 0.130
best_mse 0.044
mse_success_margin .06
success_rate 4
test_caption       Эффективность алгоритма при различных вероятностях мутации
experiment_caption 1 мутаций (налож.)
population_size    100
tree_depth         5
genes_count        1
generations_count  100000
mutations_per_chromosome  1
ops_preset         full
coding_type        overlapped
fitness_type       mse
mse_coefficient    10
