hostname smiroshnychenko
datetime Wed Jun 25 06:28:28 EEST 2014
runs_count 100
timeout 10
avg_time 10.000
mses 0.127 0.073 0.072 0.081 0.087 0.079 0.068 0.081 0.081 0.093 0.085 0.058 0.081 0.081 0.081 0.081 0.081 0.081 0.075 0.081 0.035 0.038 0.077 0.093 0.081 0.081 0.081 0.085 0.081 0.081 0.081 0.152 0.081 0.078 0.057 0.130 0.079 0.043 0.005 0.077 0.039 0.129 0.065 0.129 0.076 0.034 0.035 0.034 0.083 0.082 0.081 0.075 0.081 0.099 0.078 0.087 0.033 0.075 0.081 0.083 0.081 0.081 0.079 0.129 0.082 0.034 0.092 0.081 0.087 0.081 0.130 0.079 0.074 0.080 0.076 0.075 0.081 0.081 0.078 0.036 0.086 0.082 0.088 0.130 0.079 0.077 0.081 0.116 0.034 0.127 0.081 0.079 0.081 0.130 0.076 0.158 0.081 0.158 0.075 0.130
best_mse 0.005
mse_success_margin .05
success_rate 12
test_caption       Эффективность алгоритма при различных вероятностях мутации
experiment_caption 5 мутаций (префикс.)
population_size    100
tree_depth         5
genes_count        1
generations_count  100000
mutations_per_chromosome  5
ops_preset         short
coding_type        prefix
fitness_type       mse
mse_coefficient    10
