hostname smiroshnychenko
datetime Wed Jun 25 03:44:50 EEST 2014
runs_count 100
timeout 10
avg_time 10.000
mses 0.147 0.136 0.145 0.141 0.155 0.082 0.155 0.113 0.095 0.151 0.161 0.135 0.145 0.102 0.165 0.140 0.131 0.065 0.146 0.136 0.058 0.130 0.108 0.163 0.108 0.128 0.146 0.137 0.153 0.165 0.146 0.137 0.130 0.165 0.095 0.134 0.141 0.141 0.122 0.136 0.145 0.110 0.151 0.132 0.155 0.151 0.113 0.129 0.122 0.142 0.155 0.149 0.146 0.088 0.094 0.122 0.131 0.075 0.107 0.132 0.146 0.128 0.118 0.077 0.108 0.107 0.153 0.068 0.054 0.154 0.080 0.165 0.153 0.127 0.120 0.165 0.158 0.091 0.140 0.130 0.145 0.130 0.165 0.089 0.127 0.143 0.149 0.138 0.095 0.105 0.142 0.045 0.103 0.134 0.139 0.113 0.118 0.134 0.116 0.164
best_mse 0.045
mse_success_margin .06
success_rate 3
test_caption       Эффективность алгоритма при различных вероятностях мутации
experiment_caption 3 мутаций (ферр.)
population_size    100
tree_depth         5
genes_count        1
generations_count  100000
mutations_per_chromosome  3
ops_preset         full
coding_type        ferreira
fitness_type       mse
mse_coefficient    10
