hostname smiroshnychenko
datetime Wed Jun 25 04:58:18 EEST 2014
runs_count 100
timeout 10
avg_time 10.000
mses 0.127 0.083 0.129 0.048 0.063 0.077 0.063 0.081 0.074 0.081 0.094 0.078 0.081 0.075 0.076 0.079 0.130 0.083 0.158 0.058 0.155 0.075 0.074 0.076 0.079 0.078 0.081 0.028 0.067 0.081 0.081 0.075 0.079 0.129 0.085 0.087 0.075 0.035 0.103 0.078 0.127 0.078 0.037 0.081 0.081 0.170 0.081 0.081 0.081 0.081 0.081 0.081 0.081 0.081 0.060 0.081 0.081 0.081 0.113 0.033 0.081 0.087 0.078 0.038 0.078 0.077 0.081 0.081 0.127 0.081 0.082 0.077 0.081 0.072 0.077 0.081 0.130 0.129 0.075 0.079 0.052 0.035 0.028 0.086 0.078 0.170 0.126 0.129 0.081 0.079 0.075 0.050 0.081 0.130 0.075 0.170 0.081 0.081 0.081 0.158
best_mse 0.028
mse_success_margin .05
success_rate 9
test_caption       Эффективность алгоритма при различных вероятностях мутации
experiment_caption 3 мутаций (налож.)
population_size    100
tree_depth         5
genes_count        1
generations_count  100000
mutations_per_chromosome  3
ops_preset         short
coding_type        overlapped
fitness_type       mse
mse_coefficient    10
