hostname smiroshnychenko
datetime Wed Jun 25 01:41:17 EEST 2014
runs_count 100
timeout 7
avg_time 7.000
mses 0.113 0.321 0.351 0.286 0.009 0.071 0.076 0.070 0.075 0.156 0.243 0.070 0.217 0.370 0.350 0.189 0.045 0.175 0.078 0.088 0.069 0.069 0.066 0.350 0.344 0.357 0.107 0.359 0.126 0.079 0.099 0.361 0.066 0.220 0.342 0.209 0.359 0.094 0.122 0.357 0.075 0.334 0.340 0.110 0.347 0.359 0.065 0.576 0.420 0.069 0.275 0.071 0.071 0.142 0.063 0.353 0.071 0.067 0.077 0.066 0.067 0.073 0.066 0.359 0.148 0.117 0.083 0.124 0.530 0.071 0.353 0.359 0.110 0.071 0.110 0.073 0.359 0.109 0.069 0.262 0.070 0.145 0.068 0.129 0.073 0.033 0.424 0.359 0.071 0.106 0.071 0.328 0.183 0.070 0.346 0.067 0.341 0.151 0.073 0.368
best_mse 0.009
mse_success_margin .08
success_rate 39
test_caption       Эффективность алгоритма при различных вероятностях мутации
experiment_caption 2 мутаций (префикс.)
population_size    100
tree_depth         5
genes_count        1
generations_count  100000
mutations_per_chromosome  2
ops_preset         short
coding_type        prefix
fitness_type       mse
mse_coefficient    10
