hostname smiroshnychenko
datetime Tue Jun 24 23:42:44 EEST 2014
runs_count 100
timeout 10
avg_time 10.000
mses 0.081 0.078 0.029 0.171 0.075 0.131 0.081 0.081 0.173 0.081 0.170 0.173 0.158 0.075 0.126 0.034 0.173 0.127 0.129 0.075 0.173 0.081 0.131 0.129 0.081 0.069 0.170 0.173 0.170 0.087 0.079 0.081 0.156 0.075 0.130 0.074 0.081 0.075 0.029 0.171 0.075 0.080 0.072 0.081 0.081 0.081 0.083 0.075 0.034 0.158 0.075 0.038 0.011 0.087 0.131 0.057 0.081 0.028 0.170 0.072 0.124 0.081 0.173 0.085 0.080 0.076 0.075 0.075 0.170 0.075 0.127 0.068 0.075 0.129 0.131 0.075 0.170 0.083 0.037 0.173 0.081 0.087 0.058 0.125 0.081 0.075 0.076 0.170 0.081 0.034 0.079 0.126 0.087 0.126 0.170 0.125 0.087 0.081 0.126 0.076
best_mse 0.011
mse_success_margin .05
success_rate 9
test_caption       Эффективность алгоритма при различных вероятностях мутации
experiment_caption 1 мутаций (префикс.)
population_size    100
tree_depth         5
genes_count        1
generations_count  100000
mutations_per_chromosome  1
ops_preset         short
coding_type        prefix
fitness_type       mse
mse_coefficient    10
