hostname smiroshnychenko
datetime Tue Jun 24 20:25:43 EEST 2014
runs_count 100
timeout 7
avg_time 7.000
mses 0.359 0.589 0.613 0.361 0.341 0.590 0.590 0.175 0.483 0.600 0.613 0.587 0.590 0.369 0.431 0.631 0.589 0.361 0.369 0.366 0.590 0.106 0.367 0.359 0.361 0.521 0.342 0.604 0.367 0.361 0.161 0.626 0.369 0.361 0.358 0.576 0.588 0.592 0.625 0.344 0.352 0.613 0.590 0.369 0.111 0.110 0.589 0.573 0.625 0.354 0.361 0.359 0.108 0.495 0.546 0.369 0.583 0.521 0.369 0.504 0.504 0.361 0.571 0.565 0.032 0.547 0.351 0.106 0.588 0.369 0.367 0.590 0.104 0.369 0.355 0.344 0.502 0.351 0.588 0.071 0.361 0.590 0.369 0.185 0.599 0.672 0.365 0.362 0.369 0.587 0.117 0.342 0.589 0.588 0.588 0.112 0.503 0.033 0.361 0.589
best_mse 0.032
mse_success_margin .08
success_rate 3
test_caption       Эффективность алгоритма при различных вероятностях мутации
experiment_caption Без мутаций (ферр.)
population_size    100
tree_depth         5
genes_count        1
generations_count  100000
mutations_per_chromosome  0
ops_preset         short
coding_type        ferreira
fitness_type       mse
mse_coefficient    10
