hostname smiroshnychenko
datetime Tue Jun 24 22:57:39 EEST 2014
runs_count 100
timeout 10
avg_time 10.000
mses 0.085 0.080 0.081 0.081 0.075 0.101 0.077 0.075 0.173 0.075 0.081 0.081 0.170 0.033 0.126 0.081 0.173 0.075 0.100 0.081 0.055 0.173 0.078 0.078 0.075 0.033 0.170 0.075 0.081 0.075 0.081 0.087 0.171 0.170 0.081 0.087 0.072 0.129 0.131 0.043 0.076 0.087 0.170 0.173 0.126 0.173 0.083 0.079 0.081 0.170 0.129 0.075 0.122 0.073 0.106 0.129 0.158 0.081 0.075 0.156 0.074 0.081 0.131 0.084 0.081 0.081 0.173 0.129 0.173 0.173 0.172 0.075 0.087 0.080 0.078 0.081 0.127 0.081 0.173 0.126 0.072 0.109 0.087 0.075 0.129 0.075 0.158 0.038 0.075 0.129 0.081 0.130 0.158 0.079 0.075 0.170 0.081 0.075 0.081 0.055
best_mse 0.033
mse_success_margin .05
success_rate 4
test_caption       Эффективность алгоритма при различных вероятностях мутации
experiment_caption 1 мутаций (ферр.)
population_size    100
tree_depth         5
genes_count        1
generations_count  100000
mutations_per_chromosome  1
ops_preset         short
coding_type        ferreira
fitness_type       mse
mse_coefficient    10
