hostname smiroshnychenko
datetime Wed Jun 25 02:43:03 EEST 2014
runs_count 100
timeout 10
avg_time 10.000
mses 0.075 0.075 0.081 0.072 0.081 0.081 0.075 0.060 0.078 0.126 0.081 0.081 0.081 0.081 0.081 0.079 0.081 0.075 0.029 0.081 0.115 0.087 0.170 0.075 0.080 0.126 0.081 0.076 0.096 0.079 0.081 0.081 0.081 0.123 0.077 0.084 0.076 0.076 0.081 0.109 0.081 0.113 0.076 0.081 0.075 0.075 0.127 0.131 0.173 0.075 0.080 0.081 0.158 0.078 0.032 0.129 0.077 0.029 0.081 0.029 0.081 0.085 0.077 0.075 0.081 0.035 0.129 0.078 0.075 0.031 0.081 0.081 0.081 0.088 0.113 0.033 0.075 0.081 0.033 0.058 0.078 0.082 0.092 0.077 0.126 0.028 0.081 0.075 0.081 0.089 0.118 0.079 0.083 0.173 0.158 0.038 0.081 0.173 0.075 0.081
best_mse 0.028
mse_success_margin .05
success_rate 10
test_caption       Эффективность алгоритма при различных вероятностях мутации
experiment_caption 2 мутаций (налож.)
population_size    100
tree_depth         5
genes_count        1
generations_count  100000
mutations_per_chromosome  2
ops_preset         short
coding_type        overlapped
fitness_type       mse
mse_coefficient    10
