hostname smiroshnychenko
datetime Wed Jun 25 03:56:31 EEST 2014
runs_count 100
timeout 7
avg_time 7.000
mses 0.343 0.469 0.129 0.319 0.358 0.127 0.145 0.281 0.461 0.073 0.076 0.276 0.359 0.075 0.070 0.085 0.112 0.128 0.089 0.158 0.070 0.073 0.064 0.111 0.060 0.367 0.071 0.125 0.072 0.076 0.359 0.145 0.080 0.359 0.354 0.111 0.032 0.070 0.074 0.361 0.186 0.236 0.106 0.063 0.355 0.428 0.339 0.361 0.099 0.072 0.351 0.131 0.111 0.072 0.340 0.080 0.071 0.071 0.359 0.074 0.114 0.076 0.065 0.086 0.086 0.073 0.359 0.135 0.347 0.068 0.096 0.114 0.066 0.071 0.136 0.220 0.074 0.344 0.270 0.351 0.067 0.066 0.073 0.072 0.072 0.361 0.361 0.309 0.134 0.331 0.077 0.127 0.134 0.097 0.156 0.359 0.067 0.345 0.351 0.070
best_mse 0.032
mse_success_margin .08
success_rate 37
test_caption       Эффективность алгоритма при различных вероятностях мутации
experiment_caption 3 мутаций (префикс.)
population_size    100
tree_depth         5
genes_count        1
generations_count  100000
mutations_per_chromosome  3
ops_preset         short
coding_type        prefix
fitness_type       mse
mse_coefficient    10
