hostname smiroshnychenko
datetime Wed Jun 25 05:15:00 EEST 2014
runs_count 100
timeout 10
avg_time 10.000
mses 0.075 0.138 0.148 0.131 0.149 0.144 0.132 0.053 0.151 0.110 0.165 0.095 0.165 0.140 0.142 0.089 0.142 0.129 0.134 0.122 0.116 0.140 0.129 0.134 0.131 0.161 0.130 0.126 0.136 0.074 0.102 0.125 0.128 0.136 0.140 0.134 0.117 0.095 0.156 0.075 0.057 0.133 0.122 0.129 0.157 0.129 0.107 0.098 0.144 0.093 0.106 0.106 0.137 0.138 0.119 0.102 0.148 0.135 0.141 0.112 0.121 0.143 0.143 0.130 0.129 0.060 0.132 0.116 0.130 0.055 0.133 0.130 0.141 0.130 0.105 0.084 0.149 0.120 0.143 0.098 0.081 0.130 0.139 0.112 0.124 0.075 0.133 0.137 0.133 0.154 0.074 0.158 0.130 0.143 0.124 0.130 0.125 0.130 0.165 0.131
best_mse 0.053
mse_success_margin .06
success_rate 4
test_caption       Эффективность алгоритма при различных вероятностях мутации
experiment_caption 3 мутаций (налож.)
population_size    100
tree_depth         5
genes_count        1
generations_count  100000
mutations_per_chromosome  3
ops_preset         full
coding_type        overlapped
fitness_type       mse
mse_coefficient    10
