hostname smiroshnychenko
datetime Wed Jun 25 05:43:23 EEST 2014
runs_count 100
timeout 10
avg_time 10.000
mses 0.081 0.081 0.081 0.084 0.126 0.082 0.081 0.075 0.087 0.075 0.077 0.085 0.075 0.081 0.075 0.053 0.076 0.129 0.081 0.108 0.077 0.129 0.098 0.082 0.081 0.058 0.069 0.086 0.129 0.081 0.126 0.081 0.086 0.074 0.081 0.120 0.078 0.107 0.081 0.074 0.088 0.081 0.083 0.080 0.076 0.075 0.081 0.081 0.081 0.077 0.075 0.129 0.081 0.081 0.081 0.081 0.075 0.126 0.081 0.081 0.082 0.057 0.081 0.081 0.070 0.081 0.076 0.081 0.079 0.005 0.081 0.039 0.075 0.081 0.038 0.081 0.078 0.084 0.123 0.081 0.070 0.081 0.078 0.087 0.081 0.088 0.132 0.079 0.081 0.079 0.067 0.087 0.040 0.126 0.034 0.075 0.102 0.075 0.035 0.043
best_mse 0.005
mse_success_margin .05
success_rate 7
test_caption       Эффективность алгоритма при различных вероятностях мутации
experiment_caption 5 мутаций (ферр.)
population_size    100
tree_depth         5
genes_count        1
generations_count  100000
mutations_per_chromosome  5
ops_preset         short
coding_type        ferreira
fitness_type       mse
mse_coefficient    10
