hostname smiroshnychenko
datetime Wed Jun 25 05:26:41 EEST 2014
runs_count 100
timeout 7
avg_time 7.000
mses 0.173 0.090 0.133 0.109 0.074 0.153 0.156 0.131 0.112 0.352 0.360 0.159 0.361 0.073 0.189 0.361 0.062 0.171 0.352 0.087 0.137 0.302 0.086 0.356 0.076 0.100 0.113 0.162 0.141 0.346 0.180 0.133 0.361 0.359 0.117 0.354 0.086 0.361 0.154 0.365 0.182 0.361 0.361 0.075 0.359 0.096 0.361 0.069 0.361 0.359 0.347 0.087 0.359 0.141 0.137 0.098 0.103 0.078 0.057 0.128 0.199 0.361 0.359 0.360 0.077 0.450 0.342 0.109 0.081 0.073 0.083 0.135 0.111 0.076 0.360 0.359 0.362 0.353 0.121 0.091 0.361 0.112 0.343 0.135 0.078 0.363 0.073 0.158 0.077 0.180 0.354 0.184 0.170 0.262 0.226 0.081 0.363 0.182 0.359 0.075
best_mse 0.057
mse_success_margin .08
success_rate 15
test_caption       Эффективность алгоритма при различных вероятностях мутации
experiment_caption 5 мутаций (ферр.)
population_size    100
tree_depth         5
genes_count        1
generations_count  100000
mutations_per_chromosome  5
ops_preset         short
coding_type        ferreira
fitness_type       mse
mse_coefficient    10
