hostname smiroshnychenko
datetime Wed Jun 25 00:56:12 EEST 2014
runs_count 100
timeout 7
avg_time 7.000
mses 0.345 0.133 0.126 0.357 0.362 0.073 0.070 0.368 0.083 0.073 0.122 0.349 0.070 0.114 0.065 0.073 0.251 0.071 0.113 0.119 0.107 0.126 0.336 0.115 0.070 0.481 0.080 0.059 0.072 0.177 0.071 0.466 0.071 0.070 0.355 0.361 0.359 0.126 0.070 0.345 0.058 0.350 0.112 0.355 0.354 0.074 0.065 0.072 0.259 0.079 0.070 0.110 0.090 0.355 0.346 0.193 0.030 0.078 0.379 0.076 0.165 0.265 0.349 0.111 0.353 0.422 0.066 0.358 0.359 0.026 0.070 0.351 0.343 0.168 0.032 0.071 0.072 0.359 0.272 0.115 0.077 0.359 0.331 0.064 0.104 0.426 0.113 0.071 0.346 0.068 0.071 0.365 0.110 0.124 0.071 0.114 0.070 0.130 0.069 0.348
best_mse 0.026
mse_success_margin .08
success_rate 38
test_caption       Эффективность алгоритма при различных вероятностях мутации
experiment_caption 2 мутаций (ферр.)
population_size    100
tree_depth         5
genes_count        1
generations_count  100000
mutations_per_chromosome  2
ops_preset         short
coding_type        ferreira
fitness_type       mse
mse_coefficient    10
