hostname smiroshnychenko
datetime Wed Jun 25 03:28:08 EEST 2014
runs_count 100
timeout 10
avg_time 10.000
mses 0.078 0.074 0.075 0.129 0.075 0.087 0.121 0.129 0.083 0.081 0.081 0.082 0.081 0.075 0.081 0.080 0.075 0.075 0.075 0.125 0.076 0.109 0.127 0.081 0.158 0.082 0.081 0.081 0.127 0.082 0.129 0.077 0.056 0.080 0.081 0.078 0.077 0.087 0.170 0.079 0.081 0.081 0.106 0.077 0.081 0.126 0.076 0.081 0.081 0.081 0.075 0.075 0.060 0.075 0.080 0.081 0.126 0.075 0.051 0.132 0.033 0.126 0.029 0.076 0.127 0.126 0.085 0.075 0.038 0.127 0.075 0.067 0.170 0.126 0.087 0.074 0.081 0.130 0.081 0.029 0.042 0.079 0.081 0.088 0.075 0.076 0.081 0.049 0.075 0.081 0.129 0.081 0.081 0.033 0.075 0.081 0.071 0.158 0.061 0.082
best_mse 0.029
mse_success_margin .05
success_rate 7
test_caption       Эффективность алгоритма при различных вероятностях мутации
experiment_caption 3 мутаций (ферр.)
population_size    100
tree_depth         5
genes_count        1
generations_count  100000
mutations_per_chromosome  3
ops_preset         short
coding_type        ferreira
fitness_type       mse
mse_coefficient    10
