hostname smiroshnychenko
datetime Wed Jun 25 06:00:05 EEST 2014
runs_count 100
timeout 10
avg_time 10.000
mses 0.104 0.127 0.107 0.151 0.126 0.140 0.131 0.133 0.131 0.155 0.147 0.125 0.150 0.139 0.130 0.112 0.104 0.078 0.145 0.134 0.132 0.119 0.105 0.123 0.133 0.162 0.134 0.097 0.096 0.130 0.144 0.094 0.134 0.132 0.116 0.140 0.078 0.155 0.130 0.072 0.137 0.100 0.103 0.096 0.080 0.090 0.136 0.090 0.112 0.142 0.144 0.160 0.129 0.127 0.131 0.093 0.132 0.111 0.133 0.121 0.132 0.130 0.152 0.101 0.130 0.130 0.134 0.050 0.120 0.124 0.130 0.155 0.151 0.122 0.154 0.126 0.141 0.154 0.141 0.141 0.136 0.160 0.068 0.132 0.109 0.155 0.135 0.071 0.109 0.128 0.140 0.125 0.151 0.090 0.140 0.133 0.155 0.139 0.123 0.154
best_mse 0.050
mse_success_margin .06
success_rate 1
test_caption       Эффективность алгоритма при различных вероятностях мутации
experiment_caption 5 мутаций (ферр.)
population_size    100
tree_depth         5
genes_count        1
generations_count  100000
mutations_per_chromosome  5
ops_preset         full
coding_type        ferreira
fitness_type       mse
mse_coefficient    10
