hostname smiroshnychenko
datetime Wed Jun 25 01:57:58 EEST 2014
runs_count 100
timeout 10
avg_time 10.000
mses 0.059 0.129 0.081 0.081 0.073 0.081 0.081 0.075 0.081 0.173 0.173 0.038 0.033 0.081 0.075 0.129 0.081 0.079 0.081 0.081 0.081 0.170 0.069 0.067 0.081 0.071 0.072 0.035 0.075 0.087 0.081 0.128 0.081 0.033 0.086 0.126 0.130 0.078 0.074 0.033 0.130 0.099 0.083 0.081 0.129 0.081 0.170 0.078 0.170 0.075 0.081 0.075 0.081 0.038 0.075 0.083 0.128 0.075 0.066 0.079 0.080 0.081 0.081 0.081 0.081 0.080 0.034 0.029 0.125 0.081 0.173 0.088 0.158 0.084 0.087 0.126 0.073 0.081 0.126 0.134 0.126 0.089 0.051 0.081 0.126 0.075 0.033 0.075 0.173 0.077 0.126 0.127 0.075 0.058 0.129 0.128 0.041 0.158 0.035 0.086
best_mse 0.029
mse_success_margin .05
success_rate 11
test_caption       Эффективность алгоритма при различных вероятностях мутации
experiment_caption 2 мутаций (префикс.)
population_size    100
tree_depth         5
genes_count        1
generations_count  100000
mutations_per_chromosome  2
ops_preset         short
coding_type        prefix
fitness_type       mse
mse_coefficient    10
