hostname smiroshnychenko
datetime Wed Jun 25 06:45:09 EEST 2014
runs_count 100
timeout 10
avg_time 10.000
mses 0.130 0.076 0.143 0.094 0.143 0.138 0.142 0.079 0.147 0.130 0.130 0.102 0.139 0.127 0.135 0.152 0.142 0.056 0.149 0.155 0.130 0.143 0.162 0.086 0.124 0.120 0.089 0.145 0.131 0.133 0.165 0.119 0.140 0.113 0.075 0.154 0.138 0.156 0.132 0.149 0.149 0.152 0.138 0.139 0.110 0.099 0.131 0.155 0.137 0.130 0.156 0.043 0.130 0.164 0.136 0.116 0.105 0.135 0.141 0.153 0.156 0.130 0.151 0.138 0.123 0.117 0.158 0.153 0.104 0.154 0.109 0.134 0.078 0.129 0.119 0.138 0.088 0.103 0.140 0.088 0.130 0.131 0.127 0.146 0.102 0.160 0.114 0.142 0.141 0.145 0.065 0.141 0.165 0.139 0.109 0.151 0.154 0.099 0.136 0.110
best_mse 0.043
mse_success_margin .06
success_rate 2
test_caption       Эффективность алгоритма при различных вероятностях мутации
experiment_caption 5 мутаций (префикс.)
population_size    100
tree_depth         5
genes_count        1
generations_count  100000
mutations_per_chromosome  5
ops_preset         full
coding_type        prefix
fitness_type       mse
mse_coefficient    10
