hostname smiroshnychenko
datetime Wed Jun 25 04:41:36 EEST 2014
runs_count 100
timeout 7
avg_time 7.000
mses 0.393 0.073 0.110 0.357 0.187 0.032 0.352 0.345 0.072 0.143 0.071 0.073 0.070 0.187 0.193 0.085 0.364 0.138 0.359 0.332 0.070 0.071 0.346 0.070 0.251 0.080 0.075 0.128 0.359 0.075 0.472 0.068 0.341 0.120 0.361 0.127 0.344 0.067 0.112 0.076 0.361 0.126 0.344 0.119 0.110 0.038 0.075 0.352 0.355 0.361 0.359 0.211 0.067 0.072 0.361 0.068 0.076 0.083 0.082 0.178 0.071 0.105 0.164 0.071 0.128 0.077 0.113 0.009 0.314 0.127 0.286 0.210 0.360 0.128 0.016 0.071 0.073 0.324 0.350 0.342 0.072 0.360 0.070 0.344 0.125 0.064 0.112 0.156 0.361 0.073 0.127 0.356 0.134 0.341 0.071 0.361 0.074 0.129 0.263 0.082
best_mse 0.009
mse_success_margin .08
success_rate 34
test_caption       Эффективность алгоритма при различных вероятностях мутации
experiment_caption 3 мутаций (налож.)
population_size    100
tree_depth         5
genes_count        1
generations_count  100000
mutations_per_chromosome  3
ops_preset         short
coding_type        overlapped
fitness_type       mse
mse_coefficient    10
