hostname smiroshnychenko
datetime Tue Jun 24 22:40:57 EEST 2014
runs_count 100
timeout 7
avg_time 7.000
mses 0.355 0.057 0.068 0.112 0.361 0.067 0.130 0.063 0.362 0.588 0.353 0.073 0.359 0.359 0.366 0.073 0.359 0.072 0.072 0.122 0.123 0.113 0.070 0.070 0.363 0.359 0.346 0.070 0.122 0.222 0.112 0.073 0.352 0.075 0.352 0.071 0.009 0.069 0.127 0.188 0.357 0.073 0.118 0.345 0.013 0.074 0.578 0.066 0.064 0.074 0.120 0.587 0.109 0.068 0.342 0.110 0.071 0.037 0.470 0.577 0.115 0.510 0.481 0.007 0.069 0.032 0.178 0.107 0.355 0.071 0.343 0.123 0.069 0.065 0.073 0.345 0.347 0.073 0.085 0.017 0.045 0.352 0.013 0.359 0.331 0.070 0.132 0.070 0.588 0.062 0.114 0.070 0.071 0.091 0.071 0.078 0.100 0.489 0.484 0.522
best_mse 0.007
mse_success_margin .08
success_rate 43
test_caption       Эффективность алгоритма при различных вероятностях мутации
experiment_caption 1 мутаций (ферр.)
population_size    100
tree_depth         5
genes_count        1
generations_count  100000
mutations_per_chromosome  1
ops_preset         short
coding_type        ferreira
fitness_type       mse
mse_coefficient    10
