hostname smiroshnychenko
datetime Wed Jun 25 00:11:07 EEST 2014
runs_count 100
timeout 7
avg_time 7.000
mses 0.361 0.108 0.065 0.355 0.074 0.074 0.361 0.361 0.361 0.359 0.075 0.067 0.362 0.008 0.203 0.365 0.105 0.015 0.295 0.360 0.359 0.070 0.188 0.359 0.309 0.088 0.070 0.362 0.066 0.409 0.359 0.355 0.077 0.074 0.361 0.105 0.358 0.073 0.071 0.353 0.346 0.349 0.104 0.361 0.359 0.346 0.353 0.073 0.071 0.112 0.344 0.362 0.353 0.345 0.504 0.357 0.110 0.017 0.040 0.066 0.114 0.014 0.357 0.069 0.074 0.077 0.351 0.064 0.072 0.563 0.073 0.233 0.073 0.359 0.110 0.106 0.357 0.078 0.073 0.359 0.280 0.074 0.062 0.248 0.112 0.073 0.090 0.359 0.578 0.108 0.445 0.070 0.351 0.512 0.073 0.078 0.361 0.361 0.352 0.331
best_mse 0.008
mse_success_margin .08
success_rate 35
test_caption       Эффективность алгоритма при различных вероятностях мутации
experiment_caption 1 мутаций (налож.)
population_size    100
tree_depth         5
genes_count        1
generations_count  100000
mutations_per_chromosome  1
ops_preset         short
coding_type        overlapped
fitness_type       mse
mse_coefficient    10
