hostname smiroshnychenko
datetime Tue Jun 24 22:12:34 EEST 2014
runs_count 100
timeout 10
avg_time 10.000
mses 0.130 0.127 0.289 0.289 0.289 0.173 0.173 0.173 0.289 0.173 0.173 0.266 0.173 0.144 0.170 0.173 0.173 0.130 0.173 0.173 0.173 0.130 0.289 0.173 0.289 0.170 0.129 0.289 0.289 0.182 0.264 0.075 0.266 0.173 0.289 0.131 0.289 0.173 0.266 0.289 0.081 0.084 0.289 0.170 0.196 0.131 0.125 0.170 0.170 0.128 0.074 0.173 0.081 0.126 0.130 0.264 0.289 0.170 0.173 0.131 0.289 0.289 0.081 0.074 0.173 0.173 0.266 0.266 0.173 0.081 0.289 0.049 0.129 0.289 0.173 0.173 0.173 0.131 0.289 0.173 0.289 0.289 0.289 0.158 0.266 0.289 0.105 0.173 0.289 0.130 0.131 0.038 0.087 0.289 0.173 0.289 0.289 0.173 0.288 0.173
best_mse 0.038
mse_success_margin .05
success_rate 2
test_caption       Эффективность алгоритма при различных вероятностях мутации
experiment_caption Без мутаций (налож.)
population_size    100
tree_depth         5
genes_count        1
generations_count  100000
mutations_per_chromosome  0
ops_preset         short
coding_type        overlapped
fitness_type       mse
mse_coefficient    10
