hostname smiroshnychenko
datetime Wed Jun 25 04:29:55 EEST 2014
runs_count 100
timeout 10
avg_time 10.000
mses 0.134 0.130 0.134 0.066 0.140 0.127 0.089 0.116 0.155 0.129 0.165 0.145 0.157 0.132 0.133 0.144 0.140 0.130 0.127 0.077 0.140 0.148 0.097 0.137 0.147 0.135 0.079 0.151 0.117 0.114 0.151 0.058 0.130 0.135 0.149 0.131 0.130 0.076 0.165 0.077 0.165 0.133 0.130 0.130 0.113 0.134 0.131 0.089 0.104 0.132 0.077 0.131 0.072 0.155 0.130 0.137 0.107 0.140 0.103 0.136 0.106 0.134 0.115 0.130 0.134 0.055 0.142 0.135 0.148 0.103 0.085 0.093 0.132 0.133 0.109 0.136 0.142 0.119 0.065 0.133 0.044 0.136 0.130 0.148 0.130 0.050 0.092 0.133 0.110 0.130 0.131 0.138 0.130 0.132 0.156 0.124 0.151 0.145 0.138 0.151
best_mse 0.044
mse_success_margin .06
success_rate 4
test_caption       Эффективность алгоритма при различных вероятностях мутации
experiment_caption 3 мутаций (префикс.)
population_size    100
tree_depth         5
genes_count        1
generations_count  100000
mutations_per_chromosome  3
ops_preset         full
coding_type        prefix
fitness_type       mse
mse_coefficient    10
