hostname smiroshnychenko
datetime Wed Jun 25 07:13:33 EEST 2014
runs_count 100
timeout 10
avg_time 10.000
mses 0.170 0.081 0.083 0.075 0.081 0.066 0.081 0.080 0.074 0.078 0.033 0.124 0.081 0.049 0.077 0.081 0.090 0.081 0.075 0.081 0.079 0.081 0.080 0.076 0.081 0.036 0.113 0.127 0.081 0.081 0.130 0.081 0.081 0.087 0.077 0.033 0.081 0.084 0.081 0.079 0.096 0.081 0.075 0.069 0.087 0.081 0.127 0.076 0.081 0.081 0.083 0.128 0.081 0.107 0.081 0.058 0.081 0.157 0.077 0.081 0.087 0.081 0.170 0.113 0.033 0.035 0.081 0.071 0.081 0.095 0.081 0.127 0.073 0.078 0.090 0.128 0.081 0.078 0.158 0.046 0.081 0.081 0.081 0.081 0.077 0.076 0.126 0.071 0.075 0.076 0.078 0.060 0.081 0.127 0.076 0.127 0.077 0.087 0.081 0.127
best_mse 0.033
mse_success_margin .05
success_rate 7
test_caption       Эффективность алгоритма при различных вероятностях мутации
experiment_caption 5 мутаций (налож.)
population_size    100
tree_depth         5
genes_count        1
generations_count  100000
mutations_per_chromosome  5
ops_preset         short
coding_type        overlapped
fitness_type       mse
mse_coefficient    10
