hostname smiroshnychenko
datetime Wed Jun 25 06:11:46 EEST 2014
runs_count 100
timeout 7
avg_time 7.000
mses 0.116 0.155 0.122 0.076 0.361 0.351 0.242 0.323 0.158 0.358 0.359 0.113 0.354 0.128 0.079 0.079 0.344 0.357 0.075 0.366 0.356 0.237 0.342 0.343 0.361 0.332 0.321 0.083 0.201 0.063 0.312 0.239 0.071 0.169 0.138 0.122 0.090 0.088 0.205 0.159 0.172 0.184 0.122 0.317 0.114 0.363 0.071 0.310 0.073 0.076 0.082 0.079 0.349 0.086 0.126 0.369 0.359 0.231 0.144 0.124 0.361 0.074 0.361 0.105 0.069 0.310 0.332 0.351 0.359 0.157 0.340 0.359 0.177 0.071 0.361 0.161 0.127 0.368 0.299 0.347 0.129 0.330 0.129 0.153 0.105 0.363 0.359 0.080 0.343 0.073 0.073 0.076 0.351 0.186 0.258 0.170 0.074 0.126 0.088 0.127
best_mse 0.063
mse_success_margin .08
success_rate 18
test_caption       Эффективность алгоритма при различных вероятностях мутации
experiment_caption 5 мутаций (префикс.)
population_size    100
tree_depth         5
genes_count        1
generations_count  100000
mutations_per_chromosome  5
ops_preset         short
coding_type        prefix
fitness_type       mse
mse_coefficient    10
