hostname smiroshnychenko
datetime Tue Jun 24 23:14:21 EEST 2014
runs_count 100
timeout 10
avg_time 10.000
mses 0.123 0.074 0.130 0.129 0.050 0.086 0.151 0.094 0.099 0.096 0.140 0.150 0.165 0.133 0.124 0.143 0.132 0.095 0.157 0.163 0.076 0.165 0.148 0.146 0.131 0.165 0.135 0.074 0.122 0.157 0.153 0.161 0.143 0.103 0.080 0.132 0.130 0.149 0.149 0.131 0.109 0.154 0.165 0.130 0.133 0.127 0.105 0.088 0.125 0.143 0.164 0.082 0.165 0.130 0.151 0.165 0.165 0.121 0.151 0.149 0.149 0.099 0.131 0.165 0.157 0.106 0.104 0.138 0.146 0.077 0.035 0.147 0.130 0.084 0.162 0.165 0.139 0.144 0.111 0.058 0.097 0.139 0.134 0.130 0.132 0.109 0.068 0.162 0.165 0.091 0.142 0.071 0.165 0.149 0.134 0.165 0.133 0.160 0.056 0.131
best_mse 0.035
mse_success_margin .06
success_rate 4
test_caption       Эффективность алгоритма при различных вероятностях мутации
experiment_caption 1 мутаций (ферр.)
population_size    100
tree_depth         5
genes_count        1
generations_count  100000
mutations_per_chromosome  1
ops_preset         full
coding_type        ferreira
fitness_type       mse
mse_coefficient    10
