hostname smiroshnychenko
datetime Mon Jun 23 21:42:04 EEST 2014
runs_count 100
timeout 7
avg_time 7.000
mses 0.031 0.359 0.345 0.076 0.100 0.361 0.355 0.074 0.354 0.248 0.068 0.304 0.070 0.118 0.072 0.339 0.100 0.078 0.073 0.361 0.072 0.071 0.146 0.388 0.361 0.266 0.357 0.363 0.072 0.109 0.158 0.347 0.335 0.365 0.360 0.106 0.151 0.068 0.112 0.033 0.071 0.112 0.083 0.339 0.117 0.107 0.360 0.345 0.070 0.376 0.355 0.040 0.356 0.352 0.348 0.355 0.362 0.072 0.355 0.114 0.071 0.249 0.348 0.351 0.361 0.362 0.235 0.347 0.361 0.357 0.062 0.349 0.049 0.348 0.073 0.105 0.109 0.361 0.032 0.361 0.359 0.115 0.361 0.351 0.352 0.081 0.362 0.064 0.070 0.075 0.345 0.382 0.095 0.352 0.359 0.359 0.110 0.361 0.074 0.359
best_mse 0.031
mse_success_margin .08
success_rate 26
test_caption       Эффективность алгоритма при различных размерах популяции
experiment_caption 200 особей
population_size    200
tree_depth         5
genes_count        1
generations_count  100000
mutations_per_chromosome  2
ops_preset         short
coding_type        ferreira
fitness_type       mse
mse_coefficient    10
