hostname smiroshnychenko
datetime Tue Jun 24 19:40:37 EEST 2014
runs_count 100
timeout 7
avg_time 7.000
mses 0.128 0.070 0.348 0.104 0.179 0.032 0.361 0.359 0.075 0.348 0.067 0.359 0.345 0.359 0.334 0.073 0.055 0.103 0.344 0.260 0.361 0.076 0.123 0.357 0.069 0.354 0.039 0.155 0.074 0.065 0.112 0.071 0.039 0.360 0.361 0.364 0.344 0.070 0.076 0.354 0.360 0.359 0.149 0.068 0.071 0.076 0.083 0.070 0.071 0.166 0.075 0.073 0.104 0.462 0.069 0.388 0.110 0.386 0.349 0.106 0.069 0.315 0.352 0.343 0.353 0.129 0.126 0.365 0.070 0.344 0.349 0.036 0.070 0.483 0.088 0.060 0.343 0.354 0.072 0.066 0.112 0.067 0.361 0.069 0.359 0.069 0.353 0.161 0.110 0.067 0.351 0.336 0.344 0.124 0.341 0.072 0.110 0.072 0.072 0.349
best_mse 0.032
mse_success_margin .08
success_rate 37
test_caption       Эффективность алгоритма при различных размерах популяции
experiment_caption 140 особей
population_size    140
tree_depth         5
genes_count        1
generations_count  100000
mutations_per_chromosome  2
ops_preset         short
coding_type        ferreira
fitness_type       mse
mse_coefficient    10
