hostname smiroshnychenko
datetime Tue Jun 24 19:28:56 EEST 2014
runs_count 100
timeout 10
avg_time 10.000
mses 0.136 0.098 0.139 0.095 0.109 0.090 0.141 0.083 0.147 0.101 0.159 0.131 0.107 0.153 0.134 0.125 0.147 0.146 0.096 0.085 0.165 0.131 0.155 0.165 0.133 0.126 0.108 0.130 0.089 0.165 0.130 0.133 0.049 0.123 0.159 0.149 0.069 0.061 0.072 0.135 0.130 0.162 0.126 0.138 0.134 0.104 0.063 0.137 0.130 0.144 0.124 0.113 0.162 0.130 0.127 0.149 0.084 0.165 0.130 0.130 0.149 0.130 0.131 0.132 0.128 0.136 0.134 0.104 0.128 0.111 0.130 0.081 0.109 0.142 0.131 0.148 0.131 0.106 0.123 0.083 0.133 0.154 0.118 0.130 0.133 0.143 0.151 0.126 0.149 0.078 0.099 0.146 0.049 0.134 0.081 0.156 0.132 0.139 0.102 0.088
best_mse 0.049
mse_success_margin .06
success_rate 2
test_caption       Эффективность алгоритма при различных размерах популяции
experiment_caption 120 особей
population_size    120
tree_depth         5
genes_count        1
generations_count  100000
mutations_per_chromosome  2
ops_preset         full
coding_type        ferreira
fitness_type       mse
mse_coefficient    10
