hostname smiroshnychenko
datetime Tue Jun 24 19:12:14 EEST 2014
runs_count 100
timeout 10
avg_time 10.000
mses 0.081 0.081 0.130 0.081 0.058 0.077 0.173 0.124 0.081 0.081 0.127 0.033 0.058 0.041 0.038 0.170 0.081 0.081 0.058 0.070 0.034 0.079 0.125 0.081 0.076 0.069 0.030 0.126 0.029 0.075 0.087 0.091 0.122 0.071 0.081 0.083 0.126 0.081 0.081 0.038 0.129 0.081 0.081 0.075 0.126 0.170 0.081 0.082 0.081 0.069 0.075 0.078 0.070 0.081 0.086 0.081 0.083 0.130 0.081 0.079 0.127 0.075 0.081 0.128 0.129 0.081 0.035 0.075 0.081 0.081 0.064 0.078 0.081 0.131 0.058 0.074 0.173 0.079 0.126 0.173 0.076 0.064 0.081 0.170 0.075 0.081 0.030 0.081 0.046 0.087 0.081 0.072 0.126 0.129 0.075 0.078 0.081 0.080 0.081 0.079
best_mse 0.029
mse_success_margin .05
success_rate 10
test_caption       Эффективность алгоритма при различных размерах популяции
experiment_caption 120 особей
population_size    120
tree_depth         5
genes_count        1
generations_count  100000
mutations_per_chromosome  2
ops_preset         short
coding_type        ferreira
fitness_type       mse
mse_coefficient    10
