hostname smiroshnychenko
datetime Mon Jun 23 20:56:59 EEST 2014
runs_count 100
timeout 7
avg_time 7.000
mses 0.044 0.068 0.073 0.076 0.113 0.097 0.110 0.067 0.169 0.061 0.077 0.060 0.563 0.076 0.126 0.359 0.257 0.147 0.026 0.477 0.073 0.073 0.506 0.089 0.361 0.359 0.187 0.573 0.071 0.344 0.356 0.109 0.362 0.361 0.109 0.123 0.057 0.114 0.069 0.354 0.300 0.346 0.188 0.075 0.071 0.073 0.352 0.072 0.359 0.071 0.009 0.347 0.076 0.075 0.361 0.489 0.343 0.359 0.072 0.067 0.064 0.357 0.357 0.066 0.071 0.359 0.359 0.359 0.040 0.110 0.072 0.071 0.075 0.073 0.071 0.364 0.351 0.073 0.073 0.046 0.110 0.274 0.068 0.359 0.349 0.361 0.464 0.100 0.123 0.355 0.446 0.076 0.071 0.070 0.363 0.347 0.074 0.072 0.071 0.339
best_mse 0.009
mse_success_margin .08
success_rate 44
test_caption       Эффективность алгоритма при различных размерах популяции
experiment_caption 100 особей
population_size    100
tree_depth         5
genes_count        1
generations_count  100000
mutations_per_chromosome  2
ops_preset         short
coding_type        ferreira
fitness_type       mse
mse_coefficient    10
