hostname smiroshnychenko
datetime Mon Jun 23 19:15:08 EEST 2014
runs_count 100
timeout 10
avg_time 10.000
mses 0.165 0.145 0.165 0.132 0.130 0.094 0.165 0.165 0.162 0.165 0.165 0.112 0.165 0.089 0.165 0.110 0.130 0.165 0.156 0.165 0.165 0.165 0.131 0.165 0.165 0.165 0.165 0.130 0.145 0.165 0.165 0.117 0.153 0.165 0.165 0.165 0.165 0.129 0.165 0.165 0.161 0.165 0.137 0.141 0.165 0.116 0.082 0.088 0.165 0.165 0.165 0.165 0.165 0.165 0.160 0.065 0.104 0.130 0.050 0.147 0.163 0.165 0.122 0.165 0.165 0.165 0.149 0.139 0.111 0.130 0.130 0.138 0.165 0.110 0.165 0.165 0.124 0.059 0.165 0.165 0.157 0.107 0.119 0.165 0.165 0.165 0.165 0.165 0.129 0.145 0.165 0.165 0.122 0.165 0.116 0.145 0.165 0.131 0.165 0.109
best_mse 0.050
mse_success_margin .06
success_rate 2
test_caption       Эффективность алгоритма при различных размерах популяции
experiment_caption 10 особей
population_size    10
tree_depth         5
genes_count        1
generations_count  100000
mutations_per_chromosome  2
ops_preset         full
coding_type        ferreira
fitness_type       mse
mse_coefficient    10
