hostname smiroshnychenko
datetime Tue Jun 24 19:57:19 EEST 2014
runs_count 100
timeout 10
avg_time 10.000
mses 0.081 0.081 0.127 0.081 0.081 0.081 0.081 0.081 0.040 0.081 0.075 0.057 0.081 0.087 0.038 0.125 0.075 0.081 0.092 0.130 0.081 0.081 0.081 0.092 0.015 0.033 0.075 0.127 0.087 0.081 0.081 0.075 0.129 0.039 0.075 0.158 0.129 0.128 0.081 0.129 0.075 0.173 0.039 0.075 0.081 0.075 0.081 0.075 0.127 0.079 0.087 0.088 0.081 0.081 0.078 0.075 0.131 0.033 0.127 0.112 0.087 0.134 0.032 0.083 0.081 0.075 0.080 0.075 0.081 0.087 0.078 0.081 0.081 0.033 0.075 0.080 0.080 0.087 0.145 0.077 0.033 0.081 0.126 0.080 0.038 0.090 0.081 0.083 0.081 0.081 0.080 0.125 0.081 0.078 0.000 0.081 0.170 0.087 0.126 0.081
best_mse 0.000
mse_success_margin .05
success_rate 12
test_caption       Эффективность алгоритма при различных размерах популяции
experiment_caption 140 особей
population_size    140
tree_depth         5
genes_count        1
generations_count  100000
mutations_per_chromosome  2
ops_preset         short
coding_type        ferreira
fitness_type       mse
mse_coefficient    10
