hostname smiroshnychenko
datetime Tue Jun 24 17:25:23 EEST 2014
runs_count 100
timeout 7
avg_time 7.000
mses 0.074 0.037 0.022 0.351 0.066 0.317 0.077 0.071 0.073 0.072 0.215 0.073 0.357 0.363 0.151 0.078 0.070 0.360 0.127 0.080 0.068 0.344 0.344 0.076 0.125 0.068 0.076 0.104 0.067 0.071 0.072 0.338 0.478 0.115 0.361 0.074 0.359 0.344 0.335 0.073 0.070 0.105 0.074 0.344 0.359 0.129 0.340 0.071 0.209 0.361 0.346 0.313 0.045 0.073 0.345 0.065 0.121 0.196 0.366 0.071 0.076 0.353 0.076 0.250 0.359 0.327 0.364 0.087 0.071 0.342 0.361 0.114 0.191 0.063 0.288 0.071 0.073 0.386 0.459 0.113 0.124 0.347 0.342 0.067 0.071 0.107 0.067 0.323 0.064 0.359 0.361 0.067 0.071 0.073 0.347 0.073 0.073 0.110 0.076 0.069
best_mse 0.022
mse_success_margin .08
success_rate 45
test_caption       Эффективность алгоритма при различных размерах популяции
experiment_caption 60 особей
population_size    60
tree_depth         5
genes_count        1
generations_count  100000
mutations_per_chromosome  2
ops_preset         short
coding_type        ferreira
fitness_type       mse
mse_coefficient    10
