hostname smiroshnychenko
datetime Tue Jun 24 18:43:51 EEST 2014
runs_count 100
timeout 10
avg_time 10.000
mses 0.165 0.065 0.151 0.145 0.161 0.132 0.130 0.125 0.140 0.136 0.101 0.108 0.165 0.142 0.136 0.103 0.149 0.165 0.140 0.137 0.134 0.130 0.141 0.134 0.109 0.090 0.109 0.133 0.155 0.130 0.165 0.060 0.133 0.134 0.103 0.136 0.144 0.135 0.138 0.165 0.163 0.118 0.151 0.041 0.103 0.130 0.165 0.091 0.133 0.126 0.151 0.132 0.130 0.111 0.130 0.165 0.153 0.139 0.153 0.100 0.133 0.101 0.130 0.165 0.165 0.165 0.071 0.132 0.130 0.130 0.056 0.070 0.154 0.130 0.111 0.066 0.081 0.069 0.062 0.071 0.054 0.122 0.155 0.134 0.053 0.142 0.142 0.081 0.162 0.129 0.139 0.157 0.165 0.112 0.083 0.165 0.151 0.163 0.158 0.076
best_mse 0.041
mse_success_margin .06
success_rate 5
test_caption       Эффективность алгоритма при различных размерах популяции
experiment_caption 80 особей
population_size    80
tree_depth         5
genes_count        1
generations_count  100000
mutations_per_chromosome  2
ops_preset         full
coding_type        ferreira
fitness_type       mse
mse_coefficient    10
