hostname smiroshnychenko
datetime Mon Jun 23 19:43:31 EEST 2014
runs_count 100
timeout 10
avg_time 10.000
mses 0.173 0.075 0.080 0.081 0.089 0.089 0.069 0.081 0.173 0.078 0.173 0.126 0.170 0.129 0.052 0.081 0.125 0.155 0.075 0.075 0.046 0.109 0.081 0.075 0.035 0.081 0.081 0.081 0.173 0.173 0.081 0.170 0.057 0.129 0.173 0.129 0.087 0.058 0.081 0.126 0.140 0.074 0.077 0.121 0.129 0.173 0.078 0.075 0.068 0.080 0.108 0.076 0.086 0.085 0.090 0.170 0.112 0.032 0.058 0.130 0.126 0.078 0.173 0.173 0.063 0.173 0.076 0.080 0.087 0.158 0.033 0.081 0.126 0.100 0.129 0.085 0.081 0.075 0.081 0.079 0.075 0.033 0.034 0.081 0.126 0.126 0.081 0.130 0.170 0.081 0.081 0.087 0.081 0.126 0.170 0.081 0.068 0.039 0.075 0.170
best_mse 0.032
mse_success_margin .05
success_rate 7
test_caption       Эффективность алгоритма при различных размерах популяции
experiment_caption 20 особей
population_size    20
tree_depth         5
genes_count        1
generations_count  100000
mutations_per_chromosome  2
ops_preset         short
coding_type        ferreira
fitness_type       mse
mse_coefficient    10
