hostname smiroshnychenko
datetime Mon Jun 23 22:43:54 EEST 2014
runs_count 100
timeout 10
avg_time 10.000
mses 0.128 0.130 0.085 0.076 0.075 0.088 0.081 0.092 0.117 0.081 0.087 0.129 0.129 0.081 0.077 0.081 0.113 0.081 0.081 0.076 0.081 0.076 0.089 0.090 0.081 0.081 0.081 0.173 0.130 0.131 0.067 0.081 0.138 0.081 0.171 0.130 0.129 0.080 0.089 0.080 0.131 0.131 0.129 0.090 0.173 0.090 0.083 0.076 0.086 0.088 0.086 0.128 0.130 0.081 0.104 0.155 0.171 0.081 0.081 0.081 0.081 0.103 0.170 0.087 0.084 0.081 0.127 0.081 0.083 0.050 0.093 0.129 0.094 0.173 0.087 0.130 0.138 0.131 0.087 0.127 0.081 0.081 0.081 0.084 0.076 0.089 0.068 0.087 0.081 0.081 0.080 0.081 0.081 0.081 0.081 0.170 0.085 0.081 0.081 0.081
best_mse 0.050
mse_success_margin .05
success_rate 1
test_caption       Эффективность алгоритма при различных размерах популяции
experiment_caption 800 особей
population_size    800
tree_depth         5
genes_count        1
generations_count  100000
mutations_per_chromosome  2
ops_preset         short
coding_type        ferreira
fitness_type       mse
mse_coefficient    10
