hostname smiroshnychenko
datetime Mon Jun 23 22:15:28 EEST 2014
runs_count 100
timeout 10
avg_time 10.000
mses 0.131 0.124 0.139 0.133 0.084 0.133 0.133 0.129 0.134 0.141 0.136 0.092 0.154 0.128 0.126 0.138 0.145 0.143 0.119 0.120 0.138 0.130 0.135 0.130 0.133 0.101 0.135 0.125 0.106 0.130 0.153 0.157 0.098 0.151 0.130 0.134 0.130 0.096 0.153 0.103 0.143 0.146 0.140 0.139 0.127 0.141 0.154 0.139 0.131 0.088 0.132 0.090 0.070 0.151 0.134 0.122 0.151 0.132 0.091 0.131 0.101 0.123 0.081 0.134 0.083 0.142 0.123 0.105 0.066 0.138 0.132 0.091 0.151 0.132 0.132 0.130 0.137 0.120 0.135 0.133 0.121 0.148 0.131 0.137 0.160 0.137 0.133 0.136 0.115 0.133 0.159 0.132 0.129 0.088 0.139 0.080 0.126 0.144 0.143 0.105
best_mse 0.066
mse_success_margin .06
success_rate 0
test_caption       Эффективность алгоритма при различных размерах популяции
experiment_caption 200 особей
population_size    200
tree_depth         5
genes_count        1
generations_count  100000
mutations_per_chromosome  2
ops_preset         full
coding_type        ferreira
fitness_type       mse
mse_coefficient    10
