hostname smiroshnychenko
datetime Mon Jun 23 18:41:45 EEST 2014
runs_count 100
timeout 7
avg_time 7.000
mses 0.067 0.031 0.119 0.285 0.109 0.090 0.110 0.466 0.142 0.073 0.546 0.481 0.071 0.490 0.079 0.104 0.073 0.109 0.351 0.482 0.109 0.090 0.355 0.075 0.100 0.345 0.072 0.077 0.110 0.359 0.128 0.437 0.076 0.156 0.079 0.101 0.069 0.210 0.344 0.072 0.120 0.071 0.074 0.110 0.088 0.108 0.112 0.073 0.395 0.190 0.342 0.336 0.311 0.361 0.076 0.349 0.073 0.334 0.359 0.440 0.074 0.325 0.365 0.350 0.051 0.069 0.041 0.034 0.075 0.346 0.345 0.512 0.097 0.120 0.321 0.116 0.088 0.032 0.347 0.449 0.284 0.107 0.359 0.079 0.173 0.350 0.359 0.110 0.069 0.495 0.073 0.183 0.320 0.068 0.071 0.123 0.126 0.070 0.081 0.359
best_mse 0.031
mse_success_margin .08
success_rate 31
test_caption       Эффективность алгоритма при различных размерах популяции
experiment_caption 10 особей
population_size    10
tree_depth         5
genes_count        1
generations_count  100000
mutations_per_chromosome  2
ops_preset         short
coding_type        ferreira
fitness_type       mse
mse_coefficient    10
