hostname smiroshnychenko
datetime Mon Jun 23 21:58:46 EEST 2014
runs_count 100
timeout 10
avg_time 10.000
mses 0.126 0.125 0.058 0.108 0.131 0.075 0.131 0.080 0.128 0.081 0.081 0.078 0.034 0.038 0.128 0.126 0.081 0.076 0.075 0.127 0.081 0.083 0.076 0.096 0.087 0.081 0.075 0.126 0.075 0.080 0.035 0.094 0.082 0.081 0.075 0.081 0.068 0.081 0.081 0.077 0.081 0.079 0.027 0.109 0.131 0.081 0.081 0.081 0.081 0.127 0.077 0.078 0.046 0.085 0.081 0.087 0.038 0.082 0.081 0.082 0.087 0.075 0.081 0.129 0.126 0.081 0.081 0.058 0.075 0.087 0.081 0.081 0.035 0.157 0.081 0.131 0.075 0.080 0.075 0.081 0.081 0.075 0.094 0.077 0.127 0.081 0.083 0.087 0.079 0.104 0.081 0.173 0.076 0.075 0.081 0.075 0.081 0.081 0.081 0.090
best_mse 0.027
mse_success_margin .05
success_rate 7
test_caption       Эффективность алгоритма при различных размерах популяции
experiment_caption 200 особей
population_size    200
tree_depth         5
genes_count        1
generations_count  100000
mutations_per_chromosome  2
ops_preset         short
coding_type        ferreira
fitness_type       mse
mse_coefficient    10
