hostname smiroshnychenko
datetime Tue Jun 24 18:55:32 EEST 2014
runs_count 100
timeout 7
avg_time 7.000
mses 0.124 0.071 0.359 0.071 0.078 0.108 0.072 0.072 0.114 0.075 0.286 0.361 0.243 0.312 0.559 0.067 0.068 0.071 0.069 0.110 0.103 0.330 0.105 0.030 0.069 0.540 0.066 0.067 0.359 0.077 0.115 0.070 0.149 0.064 0.351 0.356 0.344 0.071 0.356 0.355 0.069 0.361 0.071 0.360 0.361 0.360 0.073 0.029 0.354 0.081 0.071 0.094 0.071 0.072 0.071 0.353 0.070 0.068 0.072 0.363 0.368 0.165 0.359 0.359 0.119 0.071 0.361 0.353 0.107 0.146 0.345 0.350 0.033 0.073 0.343 0.078 0.356 0.069 0.341 0.361 0.071 0.104 0.071 0.119 0.068 0.123 0.124 0.066 0.357 0.359 0.357 0.071 0.071 0.359 0.116 0.020 0.072 0.336 0.360 0.072
best_mse 0.020
mse_success_margin .08
success_rate 43
test_caption       Эффективность алгоритма при различных размерах популяции
experiment_caption 120 особей
population_size    120
tree_depth         5
genes_count        1
generations_count  100000
mutations_per_chromosome  2
ops_preset         short
coding_type        ferreira
fitness_type       mse
mse_coefficient    10
