hostname smiroshnychenko
datetime Mon Jun 23 22:27:10 EEST 2014
runs_count 100
timeout 7
avg_time 7.000
mses 0.072 0.110 0.364 0.429 0.348 0.351 0.374 0.350 0.442 0.346 0.361 0.526 0.302 0.108 0.352 0.482 0.114 0.074 0.208 0.367 0.515 0.344 0.112 0.361 0.361 0.345 0.373 0.063 0.454 0.356 0.339 0.359 0.351 0.332 0.317 0.361 0.361 0.379 0.368 0.112 0.361 0.350 0.355 0.368 0.376 0.354 0.359 0.139 0.073 0.359 0.361 0.114 0.352 0.361 0.357 0.394 0.353 0.364 0.361 0.167 0.361 0.457 0.361 0.429 0.075 0.361 0.361 0.360 0.315 0.156 0.364 0.361 0.361 0.362 0.112 0.369 0.360 0.361 0.083 0.369 0.350 0.364 0.158 0.354 0.189 0.360 0.361 0.073 0.368 0.356 0.377 0.359 0.089 0.366 0.564 0.362 0.360 0.296 0.114 0.344
best_mse 0.063
mse_success_margin .08
success_rate 6
test_caption       Эффективность алгоритма при различных размерах популяции
experiment_caption 800 особей
population_size    800
tree_depth         5
genes_count        1
generations_count  100000
mutations_per_chromosome  2
ops_preset         short
coding_type        ferreira
fitness_type       mse
mse_coefficient    10
