hostname smiroshnychenko
datetime Mon Jun 23 20:00:13 EEST 2014
runs_count 100
timeout 10
avg_time 10.000
mses 0.165 0.072 0.124 0.165 0.155 0.162 0.112 0.130 0.130 0.140 0.165 0.165 0.126 0.130 0.140 0.097 0.075 0.128 0.165 0.165 0.162 0.134 0.165 0.164 0.130 0.165 0.139 0.130 0.134 0.130 0.130 0.145 0.165 0.165 0.121 0.121 0.165 0.163 0.072 0.075 0.148 0.112 0.155 0.141 0.093 0.085 0.165 0.080 0.165 0.081 0.165 0.161 0.161 0.093 0.083 0.135 0.161 0.165 0.165 0.165 0.165 0.157 0.165 0.121 0.096 0.165 0.076 0.096 0.165 0.130 0.141 0.130 0.136 0.165 0.135 0.165 0.103 0.063 0.135 0.165 0.158 0.091 0.100 0.130 0.089 0.124 0.154 0.165 0.080 0.130 0.165 0.074 0.164 0.155 0.086 0.150 0.165 0.130 0.162 0.094
best_mse 0.063
mse_success_margin .06
success_rate 0
test_caption       Эффективность алгоритма при различных размерах популяции
experiment_caption 20 особей
population_size    20
tree_depth         5
genes_count        1
generations_count  100000
mutations_per_chromosome  2
ops_preset         full
coding_type        ferreira
fitness_type       mse
mse_coefficient    10
