hostname smiroshnychenko
datetime Mon Jun 23 20:45:17 EEST 2014
runs_count 100
timeout 10
avg_time 10.000
mses 0.136 0.076 0.133 0.107 0.161 0.141 0.094 0.104 0.108 0.065 0.134 0.139 0.133 0.118 0.150 0.122 0.047 0.070 0.130 0.127 0.121 0.082 0.075 0.165 0.133 0.131 0.135 0.107 0.134 0.165 0.051 0.109 0.106 0.165 0.152 0.161 0.095 0.162 0.091 0.136 0.160 0.165 0.165 0.087 0.121 0.165 0.165 0.093 0.087 0.065 0.130 0.165 0.141 0.135 0.134 0.127 0.165 0.118 0.106 0.165 0.114 0.139 0.126 0.123 0.147 0.155 0.129 0.135 0.143 0.165 0.095 0.145 0.130 0.077 0.123 0.165 0.106 0.149 0.146 0.149 0.139 0.129 0.165 0.131 0.078 0.165 0.104 0.165 0.092 0.094 0.130 0.165 0.126 0.098 0.165 0.133 0.165 0.130 0.126 0.145
best_mse 0.047
mse_success_margin .06
success_rate 2
test_caption       Эффективность алгоритма при различных размерах популяции
experiment_caption 40 особей
population_size    40
tree_depth         5
genes_count        1
generations_count  100000
mutations_per_chromosome  2
ops_preset         full
coding_type        ferreira
fitness_type       mse
mse_coefficient    10
