hostname smiroshnychenko
datetime Tue Jun 24 18:10:27 EEST 2014
runs_count 100
timeout 7
avg_time 7.000
mses 0.037 0.349 0.074 0.113 0.066 0.125 0.361 0.103 0.094 0.337 0.111 0.073 0.159 0.246 0.359 0.071 0.297 0.038 0.369 0.111 0.071 0.068 0.359 0.071 0.363 0.207 0.110 0.109 0.071 0.067 0.112 0.070 0.349 0.119 0.076 0.079 0.045 0.347 0.029 0.360 0.071 0.074 0.033 0.079 0.071 0.111 0.359 0.344 0.361 0.361 0.030 0.069 0.348 0.071 0.164 0.069 0.110 0.067 0.061 0.106 0.116 0.067 0.066 0.073 0.066 0.073 0.328 0.063 0.111 0.071 0.226 0.116 0.064 0.062 0.069 0.351 0.082 0.071 0.098 0.031 0.071 0.138 0.068 0.080 0.087 0.067 0.073 0.161 0.140 0.361 0.130 0.359 0.170 0.121 0.109 0.070 0.359 0.122 0.345 0.361
best_mse 0.029
mse_success_margin .08
success_rate 45
test_caption       Эффективность алгоритма при различных размерах популяции
experiment_caption 80 особей
population_size    80
tree_depth         5
genes_count        1
generations_count  100000
mutations_per_chromosome  2
ops_preset         short
coding_type        ferreira
fitness_type       mse
mse_coefficient    10
