hostname smiroshnychenko
datetime Mon Jun 23 21:30:22 EEST 2014
runs_count 100
timeout 10
avg_time 10.000
mses 0.141 0.106 0.120 0.096 0.165 0.125 0.091 0.151 0.124 0.056 0.130 0.134 0.149 0.094 0.058 0.092 0.106 0.090 0.165 0.137 0.098 0.115 0.165 0.074 0.134 0.142 0.143 0.127 0.130 0.120 0.152 0.130 0.135 0.071 0.151 0.132 0.061 0.116 0.134 0.148 0.121 0.142 0.144 0.109 0.130 0.127 0.101 0.106 0.115 0.165 0.134 0.131 0.165 0.139 0.130 0.135 0.064 0.106 0.084 0.127 0.101 0.064 0.165 0.104 0.110 0.118 0.152 0.153 0.165 0.165 0.136 0.114 0.151 0.141 0.161 0.130 0.158 0.151 0.105 0.142 0.157 0.130 0.165 0.082 0.161 0.105 0.161 0.146 0.130 0.132 0.138 0.043 0.095 0.143 0.127 0.156 0.128 0.094 0.150 0.106
best_mse 0.043
mse_success_margin .06
success_rate 3
test_caption       Эффективность алгоритма при различных размерах популяции
experiment_caption 100 особей
population_size    100
tree_depth         5
genes_count        1
generations_count  100000
mutations_per_chromosome  2
ops_preset         full
coding_type        ferreira
fitness_type       mse
mse_coefficient    10
