hostname smiroshnychenko
datetime Mon Jun 23 19:26:49 EEST 2014
runs_count 100
timeout 7
avg_time 7.000
mses 0.071 0.073 0.073 0.406 0.077 0.055 0.516 0.357 0.467 0.104 0.469 0.071 0.344 0.077 0.067 0.351 0.069 0.105 0.032 0.112 0.356 0.125 0.109 0.070 0.361 0.466 0.338 0.344 0.075 0.106 0.359 0.076 0.090 0.435 0.035 0.359 0.463 0.355 0.353 0.073 0.366 0.067 0.115 0.063 0.072 0.278 0.404 0.106 0.072 0.074 0.111 0.071 0.126 0.511 0.073 0.196 0.069 0.113 0.480 0.065 0.126 0.105 0.361 0.332 0.469 0.373 0.067 0.342 0.096 0.105 0.346 0.078 0.073 0.472 0.355 0.019 0.077 0.351 0.070 0.110 0.070 0.071 0.349 0.052 0.073 0.072 0.356 0.361 0.107 0.162 0.359 0.129 0.335 0.242 0.085 0.063 0.071 0.073 0.347 0.064
best_mse 0.019
mse_success_margin .08
success_rate 39
test_caption       Эффективность алгоритма при различных размерах популяции
experiment_caption 20 особей
population_size    20
tree_depth         5
genes_count        1
generations_count  100000
mutations_per_chromosome  2
ops_preset         short
coding_type        ferreira
fitness_type       mse
mse_coefficient    10
