hostname smiroshnychenko
datetime Tue Jun 24 17:42:05 EEST 2014
runs_count 100
timeout 10
avg_time 10.000
mses 0.075 0.075 0.061 0.126 0.081 0.126 0.081 0.081 0.109 0.078 0.029 0.129 0.033 0.074 0.129 0.173 0.081 0.126 0.069 0.081 0.081 0.130 0.080 0.065 0.081 0.078 0.098 0.081 0.075 0.081 0.081 0.075 0.173 0.087 0.058 0.081 0.075 0.081 0.081 0.129 0.081 0.076 0.083 0.126 0.070 0.075 0.070 0.087 0.079 0.071 0.075 0.081 0.029 0.081 0.075 0.081 0.081 0.075 0.129 0.037 0.170 0.079 0.080 0.081 0.081 0.046 0.081 0.115 0.075 0.086 0.075 0.131 0.078 0.075 0.117 0.080 0.076 0.081 0.081 0.034 0.081 0.087 0.087 0.130 0.075 0.081 0.085 0.081 0.077 0.092 0.115 0.035 0.075 0.170 0.076 0.035 0.075 0.081 0.075 0.039
best_mse 0.029
mse_success_margin .05
success_rate 9
test_caption       Эффективность алгоритма при различных размерах популяции
experiment_caption 60 особей
population_size    60
tree_depth         5
genes_count        1
generations_count  100000
mutations_per_chromosome  2
ops_preset         short
coding_type        ferreira
fitness_type       mse
mse_coefficient    10
