hostname smiroshnychenko
datetime Tue Jun 24 18:27:09 EEST 2014
runs_count 100
timeout 10
avg_time 10.000
mses 0.129 0.081 0.087 0.127 0.085 0.170 0.031 0.035 0.087 0.039 0.035 0.126 0.081 0.075 0.081 0.033 0.057 0.081 0.064 0.143 0.033 0.096 0.075 0.092 0.087 0.093 0.079 0.078 0.081 0.081 0.001 0.081 0.081 0.041 0.075 0.075 0.116 0.081 0.081 0.158 0.081 0.077 0.081 0.129 0.078 0.075 0.078 0.034 0.095 0.083 0.081 0.034 0.075 0.126 0.081 0.081 0.087 0.081 0.081 0.078 0.075 0.076 0.081 0.079 0.043 0.033 0.075 0.035 0.081 0.131 0.087 0.081 0.127 0.130 0.081 0.170 0.170 0.080 0.077 0.087 0.127 0.073 0.065 0.081 0.075 0.075 0.081 0.033 0.126 0.035 0.081 0.129 0.077 0.081 0.033 0.019 0.064 0.028 0.072 0.096
best_mse 0.001
mse_success_margin .05
success_rate 18
test_caption       Эффективность алгоритма при различных размерах популяции
experiment_caption 80 особей
population_size    80
tree_depth         5
genes_count        1
generations_count  100000
mutations_per_chromosome  2
ops_preset         short
coding_type        ferreira
fitness_type       mse
mse_coefficient    10
