hostname smiroshnychenko
datetime Mon Jun 23 23:00:38 EEST 2014
runs_count 100
timeout 10
avg_time 10.000
mses 0.127 0.123 0.128 0.075 0.154 0.129 0.144 0.154 0.130 0.145 0.158 0.143 0.134 0.136 0.139 0.148 0.139 0.126 0.109 0.155 0.101 0.093 0.100 0.132 0.067 0.127 0.145 0.078 0.126 0.122 0.139 0.089 0.069 0.137 0.149 0.090 0.139 0.138 0.069 0.138 0.088 0.146 0.151 0.143 0.130 0.130 0.094 0.137 0.138 0.138 0.143 0.129 0.132 0.138 0.143 0.141 0.127 0.135 0.131 0.130 0.130 0.083 0.067 0.138 0.132 0.099 0.149 0.137 0.136 0.143 0.132 0.132 0.146 0.133 0.133 0.101 0.149 0.153 0.143 0.150 0.153 0.138 0.138 0.131 0.140 0.098 0.136 0.137 0.154 0.127 0.065 0.138 0.137 0.134 0.127 0.140 0.081 0.151 0.137 0.133
best_mse 0.065
mse_success_margin .06
success_rate 0
test_caption       Эффективность алгоритма при различных размерах популяции
experiment_caption 800 особей
population_size    800
tree_depth         5
genes_count        1
generations_count  100000
mutations_per_chromosome  2
ops_preset         full
coding_type        ferreira
fitness_type       mse
mse_coefficient    10
