hostname smiroshnychenko
datetime Mon Jun 23 21:13:41 EEST 2014
runs_count 100
timeout 10
avg_time 10.000
mses 0.081 0.081 0.057 0.081 0.081 0.154 0.170 0.126 0.084 0.085 0.075 0.126 0.081 0.078 0.021 0.097 0.129 0.075 0.081 0.077 0.113 0.173 0.081 0.081 0.081 0.081 0.081 0.107 0.083 0.081 0.128 0.087 0.075 0.093 0.081 0.081 0.081 0.001 0.081 0.081 0.081 0.041 0.092 0.081 0.068 0.173 0.075 0.090 0.127 0.034 0.079 0.081 0.126 0.081 0.081 0.090 0.041 0.081 0.034 0.079 0.075 0.081 0.033 0.081 0.131 0.081 0.081 0.173 0.081 0.170 0.081 0.079 0.075 0.034 0.081 0.156 0.079 0.089 0.048 0.075 0.127 0.081 0.079 0.075 0.129 0.076 0.079 0.080 0.127 0.129 0.083 0.031 0.038 0.081 0.074 0.081 0.075 0.076 0.038 0.072
best_mse 0.001
mse_success_margin .05
success_rate 12
test_caption       Эффективность алгоритма при различных размерах популяции
experiment_caption 100 особей
population_size    100
tree_depth         5
genes_count        1
generations_count  100000
mutations_per_chromosome  2
ops_preset         short
coding_type        ferreira
fitness_type       mse
mse_coefficient    10
