hostname smiroshnychenko
datetime Mon Jun 23 18:58:26 EEST 2014
runs_count 100
timeout 10
avg_time 10.000
mses 0.124 0.129 0.113 0.126 0.129 0.082 0.081 0.173 0.075 0.170 0.131 0.107 0.251 0.129 0.125 0.081 0.075 0.173 0.081 0.214 0.077 0.081 0.158 0.057 0.173 0.129 0.173 0.129 0.080 0.266 0.173 0.173 0.126 0.170 0.081 0.069 0.089 0.251 0.170 0.126 0.029 0.075 0.058 0.075 0.116 0.092 0.081 0.031 0.173 0.173 0.081 0.087 0.173 0.173 0.081 0.129 0.170 0.033 0.075 0.173 0.078 0.083 0.081 0.129 0.080 0.029 0.079 0.129 0.054 0.232 0.127 0.158 0.130 0.075 0.075 0.173 0.173 0.079 0.126 0.173 0.170 0.075 0.079 0.077 0.173 0.074 0.075 0.084 0.078 0.173 0.081 0.029 0.253 0.087 0.081 0.081 0.081 0.065 0.125 0.173
best_mse 0.029
mse_success_margin .05
success_rate 5
test_caption       Эффективность алгоритма при различных размерах популяции
experiment_caption 10 особей
population_size    10
tree_depth         5
genes_count        1
generations_count  100000
mutations_per_chromosome  2
ops_preset         short
coding_type        ferreira
fitness_type       mse
mse_coefficient    10
