hostname smiroshnychenko
datetime Mon Jun 23 20:11:54 EEST 2014
runs_count 100
timeout 7
avg_time 7.000
mses 0.085 0.225 0.032 0.072 0.116 0.344 0.041 0.068 0.071 0.072 0.127 0.129 0.346 0.031 0.111 0.073 0.073 0.096 0.344 0.107 0.135 0.351 0.467 0.357 0.358 0.483 0.343 0.125 0.294 0.361 0.342 0.111 0.071 0.058 0.079 0.075 0.482 0.299 0.469 0.074 0.071 0.070 0.071 0.071 0.347 0.500 0.514 0.344 0.101 0.296 0.063 0.122 0.124 0.106 0.072 0.503 0.105 0.073 0.147 0.073 0.066 0.071 0.359 0.090 0.314 0.076 0.071 0.073 0.354 0.133 0.325 0.072 0.045 0.347 0.071 0.070 0.067 0.022 0.070 0.071 0.104 0.076 0.342 0.357 0.088 0.359 0.359 0.291 0.349 0.359 0.078 0.066 0.142 0.285 0.117 0.112 0.119 0.069 0.125 0.126
best_mse 0.022
mse_success_margin .08
success_rate 39
test_caption       Эффективность алгоритма при различных размерах популяции
experiment_caption 40 особей
population_size    40
tree_depth         5
genes_count        1
generations_count  100000
mutations_per_chromosome  2
ops_preset         short
coding_type        ferreira
fitness_type       mse
mse_coefficient    10
