hostname smiroshnychenko
datetime Tue Jun 24 20:14:01 EEST 2014
runs_count 100
timeout 10
avg_time 10.000
mses 0.082 0.148 0.106 0.137 0.144 0.129 0.064 0.151 0.147 0.127 0.134 0.096 0.157 0.151 0.157 0.124 0.131 0.071 0.125 0.131 0.131 0.133 0.165 0.114 0.065 0.126 0.131 0.158 0.133 0.113 0.122 0.130 0.133 0.141 0.136 0.135 0.131 0.132 0.131 0.121 0.102 0.141 0.151 0.147 0.165 0.151 0.116 0.111 0.156 0.130 0.125 0.130 0.071 0.149 0.152 0.134 0.150 0.138 0.162 0.120 0.100 0.103 0.136 0.133 0.163 0.117 0.131 0.125 0.136 0.143 0.162 0.096 0.123 0.152 0.137 0.141 0.084 0.122 0.130 0.144 0.073 0.096 0.140 0.132 0.097 0.132 0.129 0.115 0.128 0.083 0.080 0.133 0.087 0.135 0.130 0.165 0.156 0.065 0.151 0.154
best_mse 0.064
mse_success_margin .06
success_rate 0
test_caption       Эффективность алгоритма при различных размерах популяции
experiment_caption 140 особей
population_size    140
tree_depth         5
genes_count        1
generations_count  100000
mutations_per_chromosome  2
ops_preset         full
coding_type        ferreira
fitness_type       mse
mse_coefficient    10
