hostname smiroshnychenko
datetime Thu Jun 26 02:37:47 EEST 2014
runs_count 100
timeout 10
avg_time 10.000
mses 0.173 0.129 0.173 0.081 0.129 0.081 0.127 0.081 0.131 0.081 0.173 0.129 0.081 0.126 0.173 0.131 0.084 0.173 0.170 0.225 0.130 0.129 0.075 0.130 0.087 0.173 0.129 0.145 0.170 0.081 0.077 0.173 0.075 0.157 0.083 0.075 0.130 0.173 0.173 0.173 0.134 0.081 0.173 0.173 0.173 0.173 0.191 0.081 0.170 0.130 0.088 0.173 0.081 0.173 0.075 0.173 0.129 0.082 0.035 0.132 0.081 0.131 0.075 0.173 0.081 0.131 0.173 0.087 0.101 0.170 0.131 0.087 0.087 0.230 0.173 0.081 0.173 0.131 0.173 0.081 0.158 0.130 0.081 0.131 0.130 0.081 0.173 0.078 0.131 0.170 0.173 0.046 0.130 0.081 0.131 0.173 0.081 0.173 0.173 0.081
best_mse 0.035
mse_success_margin .05
success_rate 2
test_caption       Эффективность алгоритма при разной глубине синтаксического дерева
experiment_caption Глубина 6 (префикс.)
population_size    100
tree_depth         6
genes_count        1
generations_count  100000
mutations_per_chromosome  2
ops_preset         short
coding_type        prefix
fitness_type       mse
mse_coefficient    10
