hostname smiroshnychenko
datetime Thu Jun 26 00:05:50 EEST 2014
runs_count 100
timeout 7
avg_time 7.000
mses 0.124 0.103 0.065 0.069 0.359 0.074 0.359 0.094 0.070 0.160 0.071 0.351 0.349 0.072 0.111 0.068 0.177 0.343 0.122 0.353 0.146 0.128 0.070 0.059 0.068 0.122 0.503 0.344 0.069 0.071 0.071 0.071 0.069 0.058 0.344 0.068 0.125 0.069 0.068 0.067 0.056 0.359 0.341 0.361 0.361 0.360 0.359 0.143 0.077 0.482 0.342 0.071 0.070 0.361 0.070 0.072 0.071 0.353 0.066 0.076 0.075 0.069 0.359 0.063 0.074 0.278 0.337 0.228 0.094 0.236 0.359 0.359 0.349 0.071 0.011 0.084 0.032 0.064 0.079 0.359 0.336 0.351 0.070 0.361 0.073 0.110 0.069 0.073 0.332 0.113 0.362 0.342 0.338 0.346 0.070 0.058 0.087 0.390 0.073 0.355
best_mse 0.011
mse_success_margin .08
success_rate 45
test_caption       Эффективность алгоритма при разной глубине синтаксического дерева
experiment_caption Глубина 5 (префикс.)
population_size    100
tree_depth         5
genes_count        1
generations_count  100000
mutations_per_chromosome  2
ops_preset         short
coding_type        prefix
fitness_type       mse
mse_coefficient    10
