hostname smiroshnychenko
datetime Thu Jun 26 01:36:00 EEST 2014
runs_count 100
timeout 7
avg_time 7.000
mses 0.077 0.092 0.337 0.078 0.124 0.271 0.600 0.355 0.315 0.067 0.497 0.087 0.360 0.557 0.330 0.577 0.124 0.028 0.108 0.071 0.501 0.060 0.302 0.593 0.355 0.117 0.228 0.480 0.369 0.372 0.096 0.092 0.577 0.100 0.344 0.370 0.143 0.368 0.073 0.099 0.114 0.589 0.109 0.073 0.040 0.356 0.103 0.096 0.076 0.065 0.218 0.193 0.576 0.098 0.109 0.313 0.256 0.092 0.492 0.358 0.306 0.078 0.025 0.355 0.362 0.050 0.450 0.578 0.192 0.054 0.583 0.359 0.477 0.053 0.485 0.432 0.541 0.532 0.289 0.348 0.013 0.080 0.525 0.247 0.503 0.028 0.281 0.589 0.572 0.449 0.331 0.072 0.529 0.344 0.068 0.073 0.353 0.589 0.088 0.491
best_mse 0.013
mse_success_margin .08
success_rate 22
test_caption       Эффективность алгоритма при разной глубине синтаксического дерева
experiment_caption Глубина 6 (ферр.)
population_size    100
tree_depth         6
genes_count        1
generations_count  100000
mutations_per_chromosome  2
ops_preset         short
coding_type        ferreira
fitness_type       mse
mse_coefficient    10
