hostname smiroshnychenko
datetime Wed Jun 25 18:50:19 EEST 2014
runs_count 100
timeout 7
avg_time 7.000
mses 0.369 0.613 0.369 0.369 0.369 0.369 0.613 0.369 0.369 0.613 0.613 0.369 0.369 0.613 0.613 0.369 0.613 0.613 0.369 0.613 0.613 0.369 0.613 0.369 0.369 0.613 0.369 0.369 0.369 0.613 0.369 0.369 0.369 0.613 0.369 0.613 0.613 0.613 0.613 0.369 0.369 0.369 0.369 0.369 0.369 0.369 0.369 0.613 0.369 0.369 0.369 0.613 0.369 0.369 0.369 0.369 0.369 0.613 0.613 0.369 0.369 0.369 0.369 0.369 0.613 0.369 0.538 0.369 0.369 0.613 0.613 0.613 0.613 0.613 0.369 0.369 0.369 0.369 0.369 0.369 0.369 0.369 0.613 0.369 0.369 0.369 0.369 0.613 0.613 0.613 0.613 0.369 0.613 0.613 0.369 0.369 0.613 0.369 0.613 0.613
best_mse 0.369
mse_success_margin .08
success_rate 0
test_caption       Эффективность алгоритма при разной глубине синтаксического дерева
experiment_caption Глубина 3 (ферр.)
population_size    100
tree_depth         3
genes_count        1
generations_count  100000
mutations_per_chromosome  2
ops_preset         short
coding_type        ferreira
fitness_type       mse
mse_coefficient    10
