hostname smiroshnychenko
datetime Thu Jun 26 03:06:11 EEST 2014
runs_count 100
timeout 7
avg_time 7.000
mses 0.404 0.369 0.508 0.347 0.319 0.327 0.221 0.108 0.312 0.482 0.175 0.517 0.484 0.168 0.361 0.555 0.581 0.076 0.347 0.577 0.351 0.353 0.057 0.076 0.578 0.080 0.586 0.124 0.106 0.574 0.294 0.438 0.045 0.345 0.523 0.563 0.568 0.583 0.092 0.198 0.406 0.359 0.075 0.378 0.132 0.089 0.125 0.469 0.125 0.084 0.139 0.344 0.365 0.355 0.345 0.088 0.072 0.470 0.519 0.356 0.348 0.552 0.359 0.501 0.585 0.084 0.442 0.354 0.493 0.071 0.363 0.564 0.588 0.577 0.395 0.081 0.235 0.451 0.357 0.316 0.124 0.302 0.577 0.100 0.503 0.567 0.368 0.110 0.359 0.574 0.061 0.077 0.068 0.566 0.197 0.067 0.096 0.361 0.368 0.070
best_mse 0.045
mse_success_margin .08
success_rate 13
test_caption       Эффективность алгоритма при разной глубине синтаксического дерева
experiment_caption Глубина 6 (налож.)
population_size    100
tree_depth         6
genes_count        1
generations_count  100000
mutations_per_chromosome  2
ops_preset         short
coding_type        overlapped
fitness_type       mse
mse_coefficient    10
