hostname smiroshnychenko
datetime Thu Jun 26 00:50:54 EEST 2014
runs_count 100
timeout 7
avg_time 7.000
mses 0.355 0.269 0.036 0.070 0.076 0.071 0.038 0.359 0.359 0.369 0.110 0.070 0.471 0.072 0.077 0.360 0.071 0.116 0.088 0.078 0.085 0.359 0.070 0.357 0.073 0.068 0.111 0.349 0.349 0.072 0.068 0.369 0.066 0.126 0.361 0.192 0.038 0.275 0.067 0.121 0.116 0.361 0.471 0.078 0.070 0.078 0.136 0.343 0.284 0.117 0.105 0.361 0.075 0.127 0.458 0.140 0.151 0.111 0.066 0.359 0.071 0.069 0.361 0.077 0.131 0.122 0.069 0.068 0.348 0.126 0.351 0.355 0.073 0.346 0.130 0.109 0.120 0.116 0.074 0.310 0.074 0.199 0.125 0.069 0.071 0.124 0.068 0.112 0.185 0.163 0.135 0.350 0.069 0.030 0.072 0.360 0.361 0.318 0.074 0.068
best_mse 0.030
mse_success_margin .08
success_rate 39
test_caption       Эффективность алгоритма при разной глубине синтаксического дерева
experiment_caption Глубина 5 (налож.)
population_size    100
tree_depth         5
genes_count        1
generations_count  100000
mutations_per_chromosome  2
ops_preset         short
coding_type        overlapped
fitness_type       mse
mse_coefficient    10
