hostname smiroshnychenko
datetime Thu Jun 26 02:09:24 EEST 2014
runs_count 100
timeout 10
avg_time 10.000
mses 0.160 0.165 0.095 0.165 0.111 0.165 0.075 0.074 0.124 0.165 0.165 0.130 0.165 0.150 0.165 0.138 0.129 0.165 0.165 0.072 0.133 0.077 0.130 0.135 0.165 0.165 0.143 0.128 0.165 0.165 0.161 0.150 0.165 0.132 0.134 0.130 0.165 0.145 0.165 0.157 0.134 0.165 0.165 0.151 0.165 0.165 0.149 0.155 0.151 0.135 0.165 0.165 0.165 0.108 0.165 0.143 0.149 0.165 0.128 0.165 0.142 0.134 0.133 0.117 0.151 0.165 0.143 0.138 0.152 0.152 0.130 0.140 0.165 0.051 0.165 0.165 0.163 0.136 0.165 0.165 0.113 0.135 0.165 0.093 0.165 0.136 0.137 0.132 0.165 0.133 0.151 0.165 0.135 0.162 0.165 0.124 0.151 0.165 0.165 0.165
best_mse 0.051
mse_success_margin .06
success_rate 1
test_caption       Эффективность алгоритма при разной глубине синтаксического дерева
experiment_caption Глубина 6 (ферр.)
population_size    100
tree_depth         6
genes_count        1
generations_count  100000
mutations_per_chromosome  2
ops_preset         full
coding_type        ferreira
fitness_type       mse
mse_coefficient    10
