hostname smiroshnychenko
datetime Thu Jun 26 05:21:34 EEST 2014
runs_count 100
timeout 7
avg_time 7.000
mses 0.369 0.357 0.566 0.369 0.588 0.569 0.581 0.613 0.482 0.291 0.467 0.467 0.613 0.361 0.183 0.594 0.480 0.356 0.570 0.130 0.586 0.614 0.576 0.076 0.625 0.613 0.132 0.601 0.505 0.144 0.481 0.344 0.514 0.587 0.369 0.588 0.568 0.402 0.523 0.336 0.342 0.539 0.296 0.202 0.369 0.584 0.521 0.553 0.589 0.349 0.503 0.516 0.477 0.577 0.502 0.577 0.553 0.459 0.153 0.104 0.613 0.369 0.577 0.370 0.085 0.112 0.586 0.586 0.587 0.536 0.631 0.625 0.625 0.567 0.439 0.589 0.342 0.106 0.585 0.063 0.588 0.590 0.491 0.574 0.325 0.516 0.314 0.107 0.337 0.625 0.574 0.503 0.361 0.523 0.369 0.567 0.347 0.497 0.589 0.613
best_mse 0.063
mse_success_margin .08
success_rate 2
test_caption       Эффективность алгоритма при разной глубине синтаксического дерева
experiment_caption Глубина 7 (налож.)
population_size    100
tree_depth         7
genes_count        1
generations_count  100000
mutations_per_chromosome  2
ops_preset         short
coding_type        overlapped
fitness_type       mse
mse_coefficient    10
