hostname smiroshnychenko
datetime Thu Jun 26 04:08:00 EEST 2014
runs_count 100
timeout 10
avg_time 10.000
mses 0.289 0.268 0.289 0.173 0.209 0.173 0.173 0.289 0.127 0.289 0.289 0.134 0.133 0.266 0.266 0.289 0.280 0.084 0.106 0.175 0.289 0.289 0.289 0.289 0.289 0.266 0.289 0.148 0.130 0.266 0.173 0.131 0.289 0.173 0.170 0.173 0.173 0.173 0.266 0.266 0.289 0.289 0.157 0.289 0.130 0.289 0.289 0.265 0.266 0.173 0.173 0.255 0.233 0.289 0.266 0.289 0.289 0.131 0.102 0.171 0.289 0.079 0.289 0.234 0.173 0.254 0.173 0.256 0.254 0.263 0.173 0.131 0.289 0.266 0.289 0.254 0.129 0.289 0.173 0.173 0.126 0.266 0.264 0.266 0.253 0.289 0.170 0.289 0.289 0.170 0.266 0.170 0.171 0.267 0.289 0.254 0.289 0.262 0.131 0.289
best_mse 0.079
mse_success_margin .05
success_rate 0
test_caption       Эффективность алгоритма при разной глубине синтаксического дерева
experiment_caption Глубина 7 (ферр.)
population_size    100
tree_depth         7
genes_count        1
generations_count  100000
mutations_per_chromosome  2
ops_preset         short
coding_type        ferreira
fitness_type       mse
mse_coefficient    10
