hostname smiroshnychenko
datetime Wed Jun 25 23:54:09 EEST 2014
runs_count 100
timeout 10
avg_time 10.000
mses 0.087 0.127 0.122 0.131 0.141 0.139 0.118 0.135 0.121 0.142 0.151 0.130 0.132 0.138 0.116 0.136 0.130 0.078 0.085 0.063 0.146 0.120 0.130 0.076 0.151 0.084 0.092 0.131 0.162 0.099 0.140 0.146 0.065 0.159 0.165 0.098 0.151 0.165 0.121 0.155 0.098 0.165 0.165 0.165 0.140 0.130 0.131 0.095 0.137 0.130 0.082 0.108 0.089 0.126 0.155 0.107 0.130 0.130 0.132 0.162 0.134 0.134 0.165 0.133 0.135 0.157 0.116 0.130 0.131 0.140 0.146 0.153 0.151 0.135 0.065 0.140 0.131 0.165 0.154 0.130 0.155 0.136 0.154 0.148 0.132 0.165 0.148 0.089 0.157 0.131 0.136 0.091 0.053 0.147 0.097 0.081 0.058 0.108 0.127 0.158
best_mse 0.053
mse_success_margin .06
success_rate 2
test_caption       Эффективность алгоритма при разной глубине синтаксического дерева
experiment_caption Глубина 5 (ферр.)
population_size    100
tree_depth         5
genes_count        1
generations_count  100000
mutations_per_chromosome  2
ops_preset         full
coding_type        ferreira
fitness_type       mse
mse_coefficient    10
