hostname smiroshnychenko
datetime Wed Jun 25 22:52:22 EEST 2014
runs_count 100
timeout 10
avg_time 10.000
mses 0.127 0.081 0.058 0.087 0.033 0.129 0.081 0.035 0.081 0.129 0.126 0.127 0.081 0.076 0.081 0.104 0.081 0.081 0.048 0.082 0.130 0.066 0.075 0.092 0.087 0.078 0.081 0.081 0.081 0.039 0.081 0.081 0.109 0.173 0.126 0.128 0.170 0.081 0.091 0.081 0.081 0.078 0.076 0.081 0.081 0.059 0.087 0.077 0.029 0.081 0.126 0.087 0.130 0.087 0.081 0.081 0.126 0.156 0.087 0.126 0.158 0.035 0.081 0.081 0.081 0.087 0.081 0.081 0.039 0.126 0.080 0.075 0.081 0.034 0.087 0.084 0.081 0.113 0.081 0.126 0.158 0.127 0.035 0.127 0.038 0.084 0.131 0.130 0.081 0.130 0.081 0.081 0.081 0.081 0.079 0.075 0.079 0.033 0.076 0.129
best_mse 0.029
mse_success_margin .05
success_rate 11
test_caption       Эффективность алгоритма при разной глубине синтаксического дерева
experiment_caption Глубина 4 (налож.)
population_size    100
tree_depth         4
genes_count        1
generations_count  100000
mutations_per_chromosome  2
ops_preset         short
coding_type        overlapped
fitness_type       mse
mse_coefficient    10
