hostname smiroshnychenko
datetime Wed Jun 25 23:20:45 EEST 2014
runs_count 100
timeout 7
avg_time 7.000
mses 0.071 0.347 0.069 0.355 0.073 0.345 0.064 0.069 0.193 0.091 0.351 0.070 0.077 0.577 0.346 0.070 0.116 0.109 0.074 0.112 0.076 0.072 0.346 0.283 0.356 0.105 0.072 0.580 0.329 0.316 0.348 0.361 0.130 0.068 0.074 0.241 0.359 0.061 0.221 0.353 0.353 0.188 0.344 0.071 0.076 0.521 0.088 0.210 0.344 0.172 0.046 0.187 0.072 0.330 0.081 0.079 0.165 0.276 0.022 0.111 0.154 0.070 0.366 0.066 0.193 0.071 0.068 0.089 0.359 0.144 0.090 0.113 0.072 0.076 0.073 0.073 0.331 0.132 0.352 0.335 0.354 0.342 0.032 0.074 0.359 0.068 0.332 0.033 0.128 0.073 0.071 0.105 0.114 0.070 0.083 0.067 0.109 0.159 0.069 0.073
best_mse 0.022
mse_success_margin .08
success_rate 39
test_caption       Эффективность алгоритма при разной глубине синтаксического дерева
experiment_caption Глубина 5 (ферр.)
population_size    100
tree_depth         5
genes_count        1
generations_count  100000
mutations_per_chromosome  2
ops_preset         short
coding_type        ferreira
fitness_type       mse
mse_coefficient    10
