hostname smiroshnychenko
datetime Wed Jun 25 20:53:50 EEST 2014
runs_count 100
timeout 10
avg_time 10.000
mses 0.138 0.138 0.161 0.162 0.162 0.159 0.162 0.151 0.162 0.138 0.150 0.138 0.153 0.162 0.138 0.153 0.144 0.162 0.151 0.138 0.162 0.138 0.162 0.138 0.141 0.145 0.138 0.138 0.153 0.162 0.138 0.153 0.138 0.162 0.138 0.153 0.153 0.138 0.138 0.162 0.145 0.153 0.138 0.153 0.138 0.132 0.132 0.149 0.162 0.138 0.161 0.162 0.151 0.162 0.138 0.151 0.151 0.160 0.162 0.162 0.161 0.149 0.162 0.138 0.162 0.162 0.165 0.138 0.153 0.162 0.138 0.162 0.162 0.162 0.138 0.162 0.149 0.162 0.162 0.162 0.162 0.153 0.162 0.162 0.162 0.165 0.139 0.138 0.138 0.165 0.153 0.145 0.137 0.155 0.138 0.138 0.138 0.162 0.162 0.138
best_mse 0.132
mse_success_margin .06
success_rate 0
test_caption       Эффективность алгоритма при разной глубине синтаксического дерева
experiment_caption Глубина 3 (налож.)
population_size    100
tree_depth         3
genes_count        1
generations_count  100000
mutations_per_chromosome  2
ops_preset         full
coding_type        overlapped
fitness_type       mse
mse_coefficient    10
