hostname smiroshnychenko
datetime Thu Jun 26 00:39:13 EEST 2014
runs_count 100
timeout 10
avg_time 10.000
mses 0.151 0.143 0.085 0.093 0.137 0.104 0.130 0.102 0.138 0.131 0.134 0.132 0.095 0.141 0.130 0.148 0.131 0.163 0.165 0.165 0.163 0.155 0.126 0.104 0.139 0.130 0.163 0.126 0.153 0.080 0.146 0.077 0.165 0.160 0.135 0.151 0.130 0.131 0.130 0.109 0.124 0.130 0.105 0.135 0.134 0.147 0.090 0.156 0.136 0.149 0.160 0.108 0.137 0.099 0.114 0.130 0.129 0.144 0.143 0.147 0.097 0.087 0.136 0.127 0.105 0.155 0.108 0.130 0.165 0.075 0.153 0.127 0.105 0.125 0.125 0.161 0.162 0.136 0.131 0.137 0.047 0.132 0.139 0.140 0.129 0.074 0.112 0.165 0.165 0.055 0.125 0.165 0.136 0.142 0.111 0.091 0.130 0.073 0.142 0.126
best_mse 0.047
mse_success_margin .06
success_rate 2
test_caption       Эффективность алгоритма при разной глубине синтаксического дерева
experiment_caption Глубина 5 (префикс.)
population_size    100
tree_depth         5
genes_count        1
generations_count  100000
mutations_per_chromosome  2
ops_preset         full
coding_type        prefix
fitness_type       mse
mse_coefficient    10
