hostname smiroshnychenko
datetime Thu Jun 26 00:22:31 EEST 2014
runs_count 100
timeout 10
avg_time 10.000
mses 0.081 0.090 0.081 0.081 0.081 0.081 0.073 0.068 0.081 0.033 0.043 0.038 0.080 0.037 0.076 0.129 0.040 0.081 0.081 0.081 0.069 0.038 0.038 0.159 0.066 0.157 0.034 0.081 0.056 0.035 0.075 0.129 0.075 0.066 0.081 0.078 0.077 0.080 0.079 0.087 0.075 0.129 0.081 0.087 0.084 0.075 0.123 0.173 0.081 0.081 0.126 0.081 0.058 0.069 0.081 0.172 0.130 0.129 0.107 0.076 0.110 0.111 0.127 0.106 0.078 0.080 0.075 0.075 0.052 0.084 0.081 0.072 0.173 0.086 0.087 0.058 0.081 0.075 0.081 0.081 0.081 0.076 0.075 0.092 0.080 0.129 0.080 0.065 0.058 0.072 0.075 0.090 0.173 0.078 0.078 0.126 0.092 0.087 0.044 0.078
best_mse 0.033
mse_success_margin .05
success_rate 10
test_caption       Эффективность алгоритма при разной глубине синтаксического дерева
experiment_caption Глубина 5 (префикс.)
population_size    100
tree_depth         5
genes_count        1
generations_count  100000
mutations_per_chromosome  2
ops_preset         short
coding_type        prefix
fitness_type       mse
mse_coefficient    10
