hostname smiroshnychenko
datetime Thu Jun 26 04:36:25 EEST 2014
runs_count 100
timeout 7
avg_time 7.000
mses 0.359 0.367 0.342 0.368 0.518 0.600 0.351 0.074 0.243 0.086 0.587 0.597 0.073 0.567 0.625 0.552 0.606 0.706 0.307 0.521 0.140 0.052 0.560 0.545 0.224 0.368 0.574 0.551 0.574 0.353 0.613 0.590 0.527 0.068 0.494 0.107 0.042 0.574 0.085 0.551 0.361 0.613 0.514 0.267 0.447 0.109 0.613 0.531 0.528 0.550 0.365 0.105 0.554 0.577 0.369 0.588 0.176 0.482 0.565 0.184 0.537 0.357 0.625 0.102 0.478 0.613 0.077 0.107 0.600 0.073 0.097 0.565 0.045 0.373 0.570 0.376 0.469 0.225 0.590 0.529 0.361 0.116 0.582 0.362 0.519 0.466 0.521 0.361 0.109 0.480 0.369 0.076 0.369 0.564 0.589 0.602 0.074 0.511 0.354 0.259
best_mse 0.042
mse_success_margin .08
success_rate 10
test_caption       Эффективность алгоритма при разной глубине синтаксического дерева
experiment_caption Глубина 7 (префикс.)
population_size    100
tree_depth         7
genes_count        1
generations_count  100000
mutations_per_chromosome  2
ops_preset         short
coding_type        prefix
fitness_type       mse
mse_coefficient    10
