hostname smiroshnychenko
datetime Wed Jun 25 19:52:05 EEST 2014
runs_count 100
timeout 10
avg_time 10.000
mses 0.087 0.131 0.173 0.173 0.173 0.173 0.131 0.131 0.131 0.173 0.131 0.134 0.088 0.131 0.131 0.173 0.130 0.131 0.173 0.131 0.131 0.131 0.173 0.173 0.131 0.173 0.131 0.131 0.173 0.131 0.131 0.170 0.131 0.131 0.173 0.131 0.131 0.131 0.173 0.173 0.131 0.173 0.131 0.131 0.173 0.173 0.131 0.173 0.173 0.131 0.131 0.173 0.131 0.173 0.131 0.171 0.131 0.173 0.131 0.131 0.173 0.131 0.131 0.131 0.131 0.170 0.131 0.131 0.173 0.173 0.131 0.173 0.131 0.131 0.134 0.173 0.131 0.158 0.173 0.131 0.131 0.134 0.134 0.134 0.131 0.131 0.173 0.131 0.131 0.131 0.173 0.131 0.173 0.131 0.131 0.173 0.131 0.131 0.173 0.131
best_mse 0.087
mse_success_margin .05
success_rate 0
test_caption       Эффективность алгоритма при разной глубине синтаксического дерева
experiment_caption Глубина 3 (префикс.)
population_size    100
tree_depth         3
genes_count        1
generations_count  100000
mutations_per_chromosome  2
ops_preset         short
coding_type        prefix
fitness_type       mse
mse_coefficient    10
