hostname smiroshnychenko
datetime Wed Jun 25 22:35:40 EEST 2014
runs_count 100
timeout 7
avg_time 7.000
mses 0.344 0.359 0.361 0.361 0.361 0.283 0.361 0.361 0.361 0.359 0.361 0.359 0.360 0.362 0.361 0.361 0.361 0.361 0.361 0.352 0.359 0.361 0.361 0.361 0.361 0.361 0.361 0.361 0.351 0.361 0.359 0.361 0.361 0.362 0.361 0.361 0.368 0.359 0.361 0.361 0.361 0.369 0.359 0.359 0.361 0.361 0.361 0.366 0.366 0.361 0.359 0.359 0.359 0.368 0.361 0.359 0.361 0.359 0.360 0.361 0.361 0.359 0.354 0.361 0.359 0.369 0.361 0.361 0.361 0.361 0.076 0.359 0.361 0.359 0.359 0.361 0.359 0.368 0.369 0.361 0.367 0.365 0.361 0.359 0.361 0.352 0.075 0.361 0.361 0.361 0.361 0.361 0.366 0.361 0.360 0.369 0.361 0.359 0.361 0.361
best_mse 0.075
mse_success_margin .08
success_rate 2
test_caption       Эффективность алгоритма при разной глубине синтаксического дерева
experiment_caption Глубина 4 (налож.)
population_size    100
tree_depth         4
genes_count        1
generations_count  100000
mutations_per_chromosome  2
ops_preset         short
coding_type        overlapped
fitness_type       mse
mse_coefficient    10
