hostname smiroshnychenko
datetime Thu Jun 26 05:38:17 EEST 2014
runs_count 100
timeout 10
avg_time 10.000
mses 0.264 0.289 0.264 0.170 0.084 0.148 0.173 0.159 0.173 0.266 0.266 0.289 0.289 0.135 0.085 0.289 0.266 0.173 0.131 0.289 0.173 0.129 0.173 0.289 0.267 0.064 0.264 0.289 0.289 0.173 0.173 0.082 0.173 0.081 0.085 0.173 0.289 0.289 0.081 0.264 0.173 0.174 0.173 0.289 0.180 0.173 0.289 0.265 0.173 0.131 0.173 0.124 0.289 0.080 0.266 0.289 0.289 0.289 0.254 0.289 0.257 0.173 0.289 0.173 0.173 0.289 0.257 0.289 0.035 0.173 0.124 0.171 0.266 0.096 0.173 0.289 0.079 0.173 0.289 0.289 0.289 0.276 0.173 0.141 0.289 0.289 0.081 0.171 0.266 0.266 0.266 0.173 0.289 0.289 0.289 0.266 0.266 0.173 0.127 0.265
best_mse 0.035
mse_success_margin .05
success_rate 1
test_caption       Эффективность алгоритма при разной глубине синтаксического дерева
experiment_caption Глубина 7 (налож.)
population_size    100
tree_depth         7
genes_count        1
generations_count  100000
mutations_per_chromosome  2
ops_preset         short
coding_type        overlapped
fitness_type       mse
mse_coefficient    10
