hostname smiroshnychenko
datetime Wed Jun 25 22:07:18 EEST 2014
runs_count 100
timeout 10
avg_time 10.000
mses 0.081 0.087 0.081 0.081 0.130 0.126 0.081 0.099 0.081 0.081 0.158 0.130 0.126 0.130 0.087 0.127 0.081 0.033 0.127 0.126 0.081 0.128 0.077 0.118 0.081 0.000 0.081 0.081 0.075 0.035 0.084 0.081 0.129 0.129 0.081 0.129 0.081 0.054 0.127 0.081 0.075 0.070 0.081 0.128 0.076 0.075 0.038 0.081 0.081 0.075 0.087 0.081 0.081 0.083 0.076 0.127 0.089 0.081 0.081 0.077 0.081 0.086 0.081 0.045 0.081 0.081 0.126 0.087 0.081 0.081 0.079 0.076 0.081 0.078 0.081 0.087 0.134 0.127 0.131 0.087 0.129 0.170 0.171 0.081 0.081 0.081 0.127 0.081 0.129 0.078 0.126 0.081 0.130 0.129 0.081 0.094 0.130 0.081 0.081 0.036
best_mse 0.000
mse_success_margin .05
success_rate 6
test_caption       Эффективность алгоритма при разной глубине синтаксического дерева
experiment_caption Глубина 4 (префикс.)
population_size    100
tree_depth         4
genes_count        1
generations_count  100000
mutations_per_chromosome  2
ops_preset         short
coding_type        prefix
fitness_type       mse
mse_coefficient    10
