hostname smiroshnychenko
datetime Thu Jun 26 03:39:35 EEST 2014
runs_count 100
timeout 10
avg_time 10.000
mses 0.137 0.133 0.138 0.165 0.165 0.108 0.104 0.104 0.165 0.165 0.165 0.151 0.130 0.165 0.165 0.151 0.165 0.049 0.139 0.143 0.146 0.142 0.165 0.151 0.165 0.115 0.069 0.137 0.165 0.133 0.165 0.165 0.165 0.165 0.138 0.132 0.132 0.076 0.064 0.131 0.100 0.165 0.165 0.151 0.124 0.138 0.128 0.151 0.165 0.132 0.120 0.133 0.165 0.134 0.165 0.130 0.135 0.160 0.086 0.165 0.152 0.165 0.135 0.165 0.130 0.165 0.143 0.165 0.123 0.097 0.165 0.156 0.143 0.143 0.165 0.074 0.165 0.165 0.138 0.165 0.118 0.151 0.108 0.133 0.077 0.165 0.134 0.165 0.079 0.130 0.148 0.157 0.132 0.112 0.149 0.165 0.165 0.165 0.109 0.087
best_mse 0.049
mse_success_margin .06
success_rate 1
test_caption       Эффективность алгоритма при разной глубине синтаксического дерева
experiment_caption Глубина 6 (налож.)
population_size    100
tree_depth         6
genes_count        1
generations_count  100000
mutations_per_chromosome  2
ops_preset         full
coding_type        overlapped
fitness_type       mse
mse_coefficient    10
