hostname smiroshnychenko
datetime Wed Jun 25 23:09:04 EEST 2014
runs_count 100
timeout 10
avg_time 10.000
mses 0.140 0.105 0.093 0.050 0.130 0.137 0.098 0.130 0.136 0.151 0.051 0.139 0.133 0.130 0.125 0.142 0.130 0.092 0.131 0.155 0.143 0.112 0.120 0.133 0.114 0.112 0.091 0.119 0.140 0.053 0.130 0.139 0.079 0.078 0.125 0.121 0.139 0.131 0.092 0.131 0.116 0.151 0.130 0.131 0.134 0.101 0.073 0.130 0.064 0.130 0.130 0.136 0.117 0.080 0.151 0.132 0.133 0.118 0.136 0.138 0.131 0.111 0.060 0.135 0.149 0.130 0.133 0.130 0.134 0.136 0.143 0.133 0.123 0.127 0.105 0.140 0.142 0.067 0.145 0.145 0.138 0.130 0.133 0.131 0.130 0.130 0.132 0.149 0.109 0.134 0.051 0.059 0.148 0.133 0.154 0.106 0.131 0.132 0.136 0.149
best_mse 0.050
mse_success_margin .06
success_rate 6
test_caption       Эффективность алгоритма при разной глубине синтаксического дерева
experiment_caption Глубина 4 (налож.)
population_size    100
tree_depth         4
genes_count        1
generations_count  100000
mutations_per_chromosome  2
ops_preset         full
coding_type        overlapped
fitness_type       mse
mse_coefficient    10
